,Input_diff,Round0,Round1,Round2,Round3
0,00000000000000000000000000000002,2,2,2,2
1,00000000000000000000000000000020,3,3,3,3
2,00000000000000000000000000000400,3,3,3,3
3,00000000000000000000000000004000,3,3,3,3
4,00000000000000000000000000080000,3,3,3,3
5,00000000000000000000000000800000,3,3,3,3
6,00000000000000000000000001000000,3,3,3,3
7,00000000000000000000000010000000,3,3,3,3
8,00000000000000000000000200000000,3,3,3,3
9,00000000000000000000002000000000,3,3,3,3
10,00000000000000000000040000000000,3,3,3,3
11,00000000000000000000400000000000,3,3,3,3
12,00000000000000000008000000000000,3,3,3,3
13,00000000000000000080000000000000,3,3,3,3
14,00000000000000000100000000000000,3,3,3,3
15,00000000000000001000000000000000,3,3,3,3
16,00000000000000020000000000000000,3,3,3,3
17,00000000000000200000000000000000,3,3,3,3
18,00000000000004000000000000000000,3,3,3,3
19,00000000000040000000000000000000,3,3,3,3
20,00000000000800000000000000000000,3,3,3,3
21,00000000008000000000000000000000,3,3,3,3
22,00000000010000000000000000000000,3,3,3,3
23,00000000100000000000000000000000,3,3,3,3
24,00000002000000000000000000000000,3,3,3,3
25,00000020000000000000000000000000,3,3,3,3
26,00000400000000000000000000000000,3,3,3,3
27,00004000000000000000000000000000,3,3,3,3
28,00080000000000000000000000000000,3,3,3,3
29,00800000000000000000000000000000,3,3,3,3
30,01000000000000000000000000000000,3,3,3,3
31,10000000000000000000000000000000,3,3,3,3
32,00000000000000000000000000000004,2,2,2,2
33,00000000000000000000000000000040,3,3,3,3
34,00000000000000000000000000008000,3,3,3,3
35,00000000000000000000000000000800,3,3,3,3
36,00000000000000000000000000100000,3,3,3,3
37,00000000000000000000000000010000,3,3,3,3
38,00000000000000000000000020000000,3,3,3,3
39,00000000000000000000000002000000,3,3,3,3
40,00000000000000000000000400000000,3,3,3,3
41,00000000000000000000004000000000,3,3,3,3
42,00000000000000000000800000000000,3,3,3,3
43,00000000000000000000080000000000,3,3,3,3
44,00000000000000000010000000000000,3,3,3,3
45,00000000000000000001000000000000,3,3,3,3
46,00000000000000002000000000000000,3,3,3,3
47,00000000000000000200000000000000,3,3,3,3
48,00000000000000040000000000000000,3,3,3,3
49,00000000000000400000000000000000,3,3,3,3
50,00000000000080000000000000000000,3,3,3,3
51,00000000000008000000000000000000,3,3,3,3
52,00000000001000000000000000000000,3,3,3,3
53,00000000000100000000000000000000,3,3,3,3
54,00000000200000000000000000000000,3,3,3,3
55,00000000020000000000000000000000,3,3,3,3
56,00000004000000000000000000000000,3,3,3,3
57,00000040000000000000000000000000,3,3,3,3
58,00008000000000000000000000000000,3,3,3,3
59,00000800000000000000000000000000,3,3,3,3
60,00100000000000000000000000000000,3,3,3,3
61,00010000000000000000000000000000,3,3,3,3
62,20000000000000000000000000000000,3,3,3,3
63,02000000000000000000000000000000,3,3,3,3
64,00000000000000000000000000000006,2,2,2,2
65,00000000000000000000000000000060,3,3,3,3
66,00000000000000000000000000008400,3,3,3,3
67,00000000000000000000000000004800,3,3,3,3
68,00000000000000000000000000180000,3,3,3,3
69,00000000000000000000000000810000,3,3,3,3
70,00000000000000000000000021000000,3,3,3,3
71,00000000000000000000000012000000,3,3,3,3
72,00000000000000000000000600000000,3,3,3,3
73,00000000000000000000006000000000,3,3,3,3
74,00000000000000000000840000000000,3,3,3,3
75,00000000000000000000480000000000,3,3,3,3
76,00000000000000000018000000000000,3,3,3,3
77,00000000000000000081000000000000,3,3,3,3
78,00000000000000002100000000000000,3,3,3,3
79,00000000000000001200000000000000,3,3,3,3
80,00000000000000060000000000000000,3,3,3,3
81,00000000000000600000000000000000,3,3,3,3
82,00000000000084000000000000000000,3,3,3,3
83,00000000000048000000000000000000,3,3,3,3
84,00000000001800000000000000000000,3,3,3,3
85,00000000008100000000000000000000,3,3,3,3
86,00000000210000000000000000000000,3,3,3,3
87,00000000120000000000000000000000,3,3,3,3
88,00000006000000000000000000000000,3,3,3,3
89,00000060000000000000000000000000,3,3,3,3
90,00008400000000000000000000000000,3,3,3,3
91,00004800000000000000000000000000,3,3,3,3
92,00180000000000000000000000000000,3,3,3,3
93,00810000000000000000000000000000,3,3,3,3
94,21000000000000000000000000000000,3,3,3,3
95,12000000000000000000000000000000,3,3,3,3
96,00000000000000000000000000000080,2,2,2,2
97,00000000000000000000000000000008,3,3,3,3
98,00000000000000000000000000000100,3,3,3,3
99,00000000000000000000000000001000,3,3,3,3
100,00000000000000000000000000200000,3,3,3,3
101,00000000000000000000000000020000,3,3,3,3
102,00000000000000000000000004000000,3,3,3,3
103,00000000000000000000000040000000,3,3,3,3
104,00000000000000000000008000000000,3,3,3,3
105,00000000000000000000000800000000,3,3,3,3
106,00000000000000000000010000000000,3,3,3,3
107,00000000000000000000100000000000,3,3,3,3
108,00000000000000000020000000000000,3,3,3,3
109,00000000000000000002000000000000,3,3,3,3
110,00000000000000000400000000000000,3,3,3,3
111,00000000000000004000000000000000,3,3,3,3
112,00000000000000800000000000000000,3,3,3,3
113,00000000000000080000000000000000,3,3,3,3
114,00000000000001000000000000000000,3,3,3,3
115,00000000000010000000000000000000,3,3,3,3
116,00000000002000000000000000000000,3,3,3,3
117,00000000000200000000000000000000,3,3,3,3
118,00000000040000000000000000000000,3,3,3,3
119,00000000400000000000000000000000,3,3,3,3
120,00000080000000000000000000000000,3,3,3,3
121,00000008000000000000000000000000,3,3,3,3
122,00000100000000000000000000000000,3,3,3,3
123,00001000000000000000000000000000,3,3,3,3
124,00200000000000000000000000000000,3,3,3,3
125,00020000000000000000000000000000,3,3,3,3
126,04000000000000000000000000000000,3,3,3,3
127,40000000000000000000000000000000,3,3,3,3
128,00000000000000000000000000000082,2,2,2,2
129,00000000000000000000000000000028,3,3,3,3
130,00000000000000000000000000000500,3,3,3,3
131,00000000000000000000000000005000,3,3,3,3
132,00000000000000000000000000280000,3,3,3,3
133,00000000000000000000000000820000,3,3,3,3
134,00000000000000000000000005000000,3,3,3,3
135,00000000000000000000000050000000,3,3,3,3
136,00000000000000000000008200000000,3,3,3,3
137,00000000000000000000002800000000,3,3,3,3
138,00000000000000000000050000000000,3,3,3,3
139,00000000000000000000500000000000,3,3,3,3
140,00000000000000000028000000000000,3,3,3,3
141,00000000000000000082000000000000,3,3,3,3
142,00000000000000000500000000000000,3,3,3,3
143,00000000000000005000000000000000,3,3,3,3
144,00000000000000820000000000000000,3,3,3,3
145,00000000000000280000000000000000,3,3,3,3
146,00000000000005000000000000000000,3,3,3,3
147,00000000000050000000000000000000,3,3,3,3
148,00000000002800000000000000000000,3,3,3,3
149,00000000008200000000000000000000,3,3,3,3
150,00000000050000000000000000000000,3,3,3,3
151,00000000500000000000000000000000,3,3,3,3
152,00000082000000000000000000000000,3,3,3,3
153,00000028000000000000000000000000,3,3,3,3
154,00000500000000000000000000000000,3,3,3,3
155,00005000000000000000000000000000,3,3,3,3
156,00280000000000000000000000000000,3,3,3,3
157,00820000000000000000000000000000,3,3,3,3
158,05000000000000000000000000000000,3,3,3,3
159,50000000000000000000000000000000,3,3,3,3
160,00000000000000000000000000000084,2,2,2,2
161,00000000000000000000000000000048,3,3,3,3
162,00000000000000000000000000008100,3,3,3,3
163,00000000000000000000000000001800,3,3,3,3
164,00000000000000000000000000300000,3,3,3,3
165,00000000000000000000000000030000,3,3,3,3
166,00000000000000000000000024000000,3,3,3,3
167,00000000000000000000000042000000,3,3,3,3
168,00000000000000000000008400000000,3,3,3,3
169,00000000000000000000004800000000,3,3,3,3
170,00000000000000000000810000000000,3,3,3,3
171,00000000000000000000180000000000,3,3,3,3
172,00000000000000000030000000000000,3,3,3,3
173,00000000000000000003000000000000,3,3,3,3
174,00000000000000002400000000000000,3,3,3,3
175,00000000000000004200000000000000,3,3,3,3
176,00000000000000840000000000000000,3,3,3,3
177,00000000000000480000000000000000,3,3,3,3
178,00000000000081000000000000000000,3,3,3,3
179,00000000000018000000000000000000,3,3,3,3
180,00000000003000000000000000000000,3,3,3,3
181,00000000000300000000000000000000,3,3,3,3
182,00000000240000000000000000000000,3,3,3,3
183,00000000420000000000000000000000,3,3,3,3
184,00000084000000000000000000000000,3,3,3,3
185,00000048000000000000000000000000,3,3,3,3
186,00008100000000000000000000000000,3,3,3,3
187,00001800000000000000000000000000,3,3,3,3
188,00300000000000000000000000000000,3,3,3,3
189,00030000000000000000000000000000,3,3,3,3
190,24000000000000000000000000000000,3,3,3,3
191,42000000000000000000000000000000,3,3,3,3
192,00000000000000000000000000000086,2,2,2,2
193,00000000000000000000000000000068,3,3,3,3
194,00000000000000000000000000008500,3,3,3,3
195,00000000000000000000000000005800,3,3,3,3
196,00000000000000000000000000380000,3,3,3,3
197,00000000000000000000000000830000,3,3,3,3
198,00000000000000000000000025000000,3,3,3,3
199,00000000000000000000000052000000,3,3,3,3
200,00000000000000000000008600000000,3,3,3,3
201,00000000000000000000006800000000,3,3,3,3
202,00000000000000000000850000000000,3,3,3,3
203,00000000000000000000580000000000,3,3,3,3
204,00000000000000000038000000000000,3,3,3,3
205,00000000000000000083000000000000,3,3,3,3
206,00000000000000002500000000000000,3,3,3,3
207,00000000000000005200000000000000,3,3,3,3
208,00000000000000860000000000000000,3,3,3,3
209,00000000000000680000000000000000,3,3,3,3
210,00000000000085000000000000000000,3,3,3,3
211,00000000000058000000000000000000,3,3,3,3
212,00000000003800000000000000000000,3,3,3,3
213,00000000008300000000000000000000,3,3,3,3
214,00000000250000000000000000000000,3,3,3,3
215,00000000520000000000000000000000,3,3,3,3
216,00000086000000000000000000000000,3,3,3,3
217,00000068000000000000000000000000,3,3,3,3
218,00008500000000000000000000000000,3,3,3,3
219,00005800000000000000000000000000,3,3,3,3
220,00380000000000000000000000000000,3,3,3,3
221,00830000000000000000000000000000,3,3,3,3
222,25000000000000000000000000000000,3,3,3,3
223,52000000000000000000000000000000,3,3,3,3
224,00000000000000000000000000000010,3,3,3,3
225,00000000000000000000000000000001,4,4,4,4
226,00000000000000000000000000000200,4,4,4,4
227,00000000000000000000000000002000,4,4,4,4
228,00000000000000000000000000040000,4,4,4,4
229,00000000000000000000000000400000,4,4,4,4
230,00000000000000000000000080000000,4,4,4,4
231,00000000000000000000000008000000,4,4,4,4
232,00000000000000000000001000000000,4,4,4,4
233,00000000000000000000000100000000,4,4,4,4
234,00000000000000000000020000000000,4,4,4,4
235,00000000000000000000200000000000,4,4,4,4
236,00000000000000000004000000000000,4,4,4,4
237,00000000000000000040000000000000,4,4,4,4
238,00000000000000008000000000000000,4,4,4,4
239,00000000000000000800000000000000,4,4,4,4
240,00000000000000100000000000000000,4,4,4,4
241,00000000000000010000000000000000,4,4,4,4
242,00000000000002000000000000000000,4,4,4,4
243,00000000000020000000000000000000,4,4,4,4
244,00000000000400000000000000000000,4,4,4,4
245,00000000004000000000000000000000,4,4,4,4
246,00000000800000000000000000000000,4,4,4,4
247,00000000080000000000000000000000,4,4,4,4
248,00000010000000000000000000000000,4,4,4,4
249,00000001000000000000000000000000,4,4,4,4
250,00000200000000000000000000000000,4,4,4,4
251,00002000000000000000000000000000,4,4,4,4
252,00040000000000000000000000000000,4,4,4,4
253,00400000000000000000000000000000,4,4,4,4
254,80000000000000000000000000000000,4,4,4,4
255,08000000000000000000000000000000,4,4,4,4
256,00000000000000000000000000000012,2,2,2,2
257,00000000000000000000000000000021,3,3,3,3
258,00000000000000000000000000000600,3,3,3,3
259,00000000000000000000000000006000,3,3,3,3
260,000000000000000000000000000c0000,3,3,3,3
261,00000000000000000000000000c00000,3,3,3,3
262,00000000000000000000000081000000,3,3,3,3
263,00000000000000000000000018000000,3,3,3,3
264,00000000000000000000001200000000,3,3,3,3
265,00000000000000000000002100000000,3,3,3,3
266,00000000000000000000060000000000,3,3,3,3
267,00000000000000000000600000000000,3,3,3,3
268,0000000000000000000c000000000000,3,3,3,3
269,000000000000000000c0000000000000,3,3,3,3
270,00000000000000008100000000000000,3,3,3,3
271,00000000000000001800000000000000,3,3,3,3
272,00000000000000120000000000000000,3,3,3,3
273,00000000000000210000000000000000,3,3,3,3
274,00000000000006000000000000000000,3,3,3,3
275,00000000000060000000000000000000,3,3,3,3
276,00000000000c00000000000000000000,3,3,3,3
277,0000000000c000000000000000000000,3,3,3,3
278,00000000810000000000000000000000,3,3,3,3
279,00000000180000000000000000000000,3,3,3,3
280,00000012000000000000000000000000,3,3,3,3
281,00000021000000000000000000000000,3,3,3,3
282,00000600000000000000000000000000,3,3,3,3
283,00006000000000000000000000000000,3,3,3,3
284,000c0000000000000000000000000000,3,3,3,3
285,00c00000000000000000000000000000,3,3,3,3
286,81000000000000000000000000000000,3,3,3,3
287,18000000000000000000000000000000,3,3,3,3
288,00000000000000000000000000000014,2,2,2,2
289,00000000000000000000000000000041,3,3,3,3
290,00000000000000000000000000008200,3,3,3,3
291,00000000000000000000000000002800,3,3,3,3
292,00000000000000000000000000140000,3,3,3,3
293,00000000000000000000000000410000,3,3,3,3
294,000000000000000000000000a0000000,3,3,3,3
295,0000000000000000000000000a000000,3,3,3,3
296,00000000000000000000001400000000,3,3,3,3
297,00000000000000000000004100000000,3,3,3,3
298,00000000000000000000820000000000,3,3,3,3
299,00000000000000000000280000000000,3,3,3,3
300,00000000000000000014000000000000,3,3,3,3
301,00000000000000000041000000000000,3,3,3,3
302,0000000000000000a000000000000000,3,3,3,3
303,00000000000000000a00000000000000,3,3,3,3
304,00000000000000140000000000000000,3,3,3,3
305,00000000000000410000000000000000,3,3,3,3
306,00000000000082000000000000000000,3,3,3,3
307,00000000000028000000000000000000,3,3,3,3
308,00000000001400000000000000000000,3,3,3,3
309,00000000004100000000000000000000,3,3,3,3
310,00000000a00000000000000000000000,3,3,3,3
311,000000000a0000000000000000000000,3,3,3,3
312,00000014000000000000000000000000,3,3,3,3
313,00000041000000000000000000000000,3,3,3,3
314,00008200000000000000000000000000,3,3,3,3
315,00002800000000000000000000000000,3,3,3,3
316,00140000000000000000000000000000,3,3,3,3
317,00410000000000000000000000000000,3,3,3,3
318,a0000000000000000000000000000000,3,3,3,3
319,0a000000000000000000000000000000,3,3,3,3
320,00000000000000000000000000000016,2,2,2,2
321,00000000000000000000000000000061,3,3,3,3
322,00000000000000000000000000008600,3,3,3,3
323,00000000000000000000000000006800,3,3,3,3
324,000000000000000000000000001c0000,3,3,3,3
325,00000000000000000000000000c10000,3,3,3,3
326,000000000000000000000000a1000000,3,3,3,3
327,0000000000000000000000001a000000,3,3,3,3
328,00000000000000000000001600000000,3,3,3,3
329,00000000000000000000006100000000,3,3,3,3
330,00000000000000000000860000000000,3,3,3,3
331,00000000000000000000680000000000,3,3,3,3
332,0000000000000000001c000000000000,3,3,3,3
333,000000000000000000c1000000000000,3,3,3,3
334,0000000000000000a100000000000000,3,3,3,3
335,00000000000000001a00000000000000,3,3,3,3
336,00000000000000160000000000000000,3,3,3,3
337,00000000000000610000000000000000,3,3,3,3
338,00000000000086000000000000000000,3,3,3,3
339,00000000000068000000000000000000,3,3,3,3
340,00000000001c00000000000000000000,3,3,3,3
341,0000000000c100000000000000000000,3,3,3,3
342,00000000a10000000000000000000000,3,3,3,3
343,000000001a0000000000000000000000,3,3,3,3
344,00000016000000000000000000000000,3,3,3,3
345,00000061000000000000000000000000,3,3,3,3
346,00008600000000000000000000000000,3,3,3,3
347,00006800000000000000000000000000,3,3,3,3
348,001c0000000000000000000000000000,3,3,3,3
349,00c10000000000000000000000000000,3,3,3,3
350,a1000000000000000000000000000000,3,3,3,3
351,1a000000000000000000000000000000,3,3,3,3
352,00000000000000000000000000000090,2,2,2,2
353,00000000000000000000000000000009,3,3,3,3
354,00000000000000000000000000000300,3,3,3,3
355,00000000000000000000000000003000,3,3,3,3
356,00000000000000000000000000240000,3,3,3,3
357,00000000000000000000000000420000,3,3,3,3
358,00000000000000000000000084000000,3,3,3,3
359,00000000000000000000000048000000,3,3,3,3
360,00000000000000000000009000000000,3,3,3,3
361,00000000000000000000000900000000,3,3,3,3
362,00000000000000000000030000000000,3,3,3,3
363,00000000000000000000300000000000,3,3,3,3
364,00000000000000000024000000000000,3,3,3,3
365,00000000000000000042000000000000,3,3,3,3
366,00000000000000008400000000000000,3,3,3,3
367,00000000000000004800000000000000,3,3,3,3
368,00000000000000900000000000000000,3,3,3,3
369,00000000000000090000000000000000,3,3,3,3
370,00000000000003000000000000000000,3,3,3,3
371,00000000000030000000000000000000,3,3,3,3
372,00000000002400000000000000000000,3,3,3,3
373,00000000004200000000000000000000,3,3,3,3
374,00000000840000000000000000000000,3,3,3,3
375,00000000480000000000000000000000,3,3,3,3
376,00000090000000000000000000000000,3,3,3,3
377,00000009000000000000000000000000,3,3,3,3
378,00000300000000000000000000000000,3,3,3,3
379,00003000000000000000000000000000,3,3,3,3
380,00240000000000000000000000000000,3,3,3,3
381,00420000000000000000000000000000,3,3,3,3
382,84000000000000000000000000000000,3,3,3,3
383,48000000000000000000000000000000,3,3,3,3
384,00000000000000000000000000000092,2,2,2,2
385,00000000000000000000000000000029,3,3,3,3
386,00000000000000000000000000000700,3,3,3,3
387,00000000000000000000000000007000,3,3,3,3
388,000000000000000000000000002c0000,3,3,3,3
389,00000000000000000000000000c20000,3,3,3,3
390,00000000000000000000000085000000,3,3,3,3
391,00000000000000000000000058000000,3,3,3,3
392,00000000000000000000009200000000,3,3,3,3
393,00000000000000000000002900000000,3,3,3,3
394,00000000000000000000070000000000,3,3,3,3
395,00000000000000000000700000000000,3,3,3,3
396,0000000000000000002c000000000000,3,3,3,3
397,000000000000000000c2000000000000,3,3,3,3
398,00000000000000008500000000000000,3,3,3,3
399,00000000000000005800000000000000,3,3,3,3
400,00000000000000920000000000000000,3,3,3,3
401,00000000000000290000000000000000,3,3,3,3
402,00000000000007000000000000000000,3,3,3,3
403,00000000000070000000000000000000,3,3,3,3
404,00000000002c00000000000000000000,3,3,3,3
405,0000000000c200000000000000000000,3,3,3,3
406,00000000850000000000000000000000,3,3,3,3
407,00000000580000000000000000000000,3,3,3,3
408,00000092000000000000000000000000,3,3,3,3
409,00000029000000000000000000000000,3,3,3,3
410,00000700000000000000000000000000,3,3,3,3
411,00007000000000000000000000000000,3,3,3,3
412,002c0000000000000000000000000000,3,3,3,3
413,00c20000000000000000000000000000,3,3,3,3
414,85000000000000000000000000000000,3,3,3,3
415,58000000000000000000000000000000,3,3,3,3
416,00000000000000000000000000000094,2,2,2,2
417,00000000000000000000000000000049,3,3,3,3
418,00000000000000000000000000008300,3,3,3,3
419,00000000000000000000000000003800,3,3,3,3
420,00000000000000000000000000340000,3,3,3,3
421,00000000000000000000000000430000,3,3,3,3
422,000000000000000000000000a4000000,3,3,3,3
423,0000000000000000000000004a000000,3,3,3,3
424,00000000000000000000009400000000,3,3,3,3
425,00000000000000000000004900000000,3,3,3,3
426,00000000000000000000830000000000,3,3,3,3
427,00000000000000000000380000000000,3,3,3,3
428,00000000000000000034000000000000,3,3,3,3
429,00000000000000000043000000000000,3,3,3,3
430,0000000000000000a400000000000000,3,3,3,3
431,00000000000000004a00000000000000,3,3,3,3
432,00000000000000940000000000000000,3,3,3,3
433,00000000000000490000000000000000,3,3,3,3
434,00000000000083000000000000000000,3,3,3,3
435,00000000000038000000000000000000,3,3,3,3
436,00000000003400000000000000000000,3,3,3,3
437,00000000004300000000000000000000,3,3,3,3
438,00000000a40000000000000000000000,3,3,3,3
439,000000004a0000000000000000000000,3,3,3,3
440,00000094000000000000000000000000,3,3,3,3
441,00000049000000000000000000000000,3,3,3,3
442,00008300000000000000000000000000,3,3,3,3
443,00003800000000000000000000000000,3,3,3,3
444,00340000000000000000000000000000,3,3,3,3
445,00430000000000000000000000000000,3,3,3,3
446,a4000000000000000000000000000000,3,3,3,3
447,4a000000000000000000000000000000,3,3,3,3
448,00000000000000000000000000000096,2,2,2,2
449,00000000000000000000000000000069,3,3,3,3
450,00000000000000000000000000008700,3,3,3,3
451,00000000000000000000000000007800,3,3,3,3
452,000000000000000000000000003c0000,3,3,3,3
453,00000000000000000000000000c30000,3,3,3,3
454,000000000000000000000000a5000000,3,3,3,3
455,0000000000000000000000005a000000,3,3,3,3
456,00000000000000000000009600000000,3,3,3,3
457,00000000000000000000006900000000,3,3,3,3
458,00000000000000000000870000000000,3,3,3,3
459,00000000000000000000780000000000,3,3,3,3
460,0000000000000000003c000000000000,3,3,3,3
461,000000000000000000c3000000000000,3,3,3,3
462,0000000000000000a500000000000000,3,3,3,3
463,00000000000000005a00000000000000,3,3,3,3
464,00000000000000960000000000000000,3,3,3,3
465,00000000000000690000000000000000,3,3,3,3
466,00000000000087000000000000000000,3,3,3,3
467,00000000000078000000000000000000,3,3,3,3
468,00000000003c00000000000000000000,3,3,3,3
469,0000000000c300000000000000000000,3,3,3,3
470,00000000a50000000000000000000000,3,3,3,3
471,000000005a0000000000000000000000,3,3,3,3
472,00000096000000000000000000000000,3,3,3,3
473,00000069000000000000000000000000,3,3,3,3
474,00008700000000000000000000000000,3,3,3,3
475,00007800000000000000000000000000,3,3,3,3
476,003c0000000000000000000000000000,3,3,3,3
477,00c30000000000000000000000000000,3,3,3,3
478,a5000000000000000000000000000000,3,3,3,3
479,5a000000000000000000000000000000,3,3,3,3
