,input_diff,round0,round1,round2,round3
0,0x00000000000000000000000000000002,7,8,7,8
1,0x00000000000000000000000000000020,8,8,7,8
2,0x00000000000000000000000000000400,7,7,8,8
3,0x00000000000000000000000000004000,8,7,8,8
4,0x00000000000000000000000000080000,8,8,8,8
5,0x00000000000000000000000000800000,7,8,8,8
6,0x00000000000000000000000001000000,7,8,8,8
7,0x00000000000000000000000010000000,7,8,8,8
8,0x00000000000000000000000200000000,7,6,7,8
9,0x00000000000000000000002000000000,7,7,8,8
10,0x00000000000000000000040000000000,8,7,6,8
11,0x00000000000000000000400000000000,8,8,7,8
12,0x00000000000000000008000000000000,8,8,8,8
13,0x00000000000000000080000000000000,8,8,8,8
14,0x00000000000000000100000000000000,8,8,8,8
15,0x00000000000000001000000000000000,8,7,7,8
16,0x00000000000000020000000000000000,8,8,8,7
17,0x00000000000000200000000000000000,8,8,8,8
18,0x00000000000004000000000000000000,7,8,8,8
19,0x00000000000040000000000000000000,7,8,8,8
20,0x00000000000800000000000000000000,8,7,8,8
21,0x00000000008000000000000000000000,8,7,8,7
22,0x00000000010000000000000000000000,8,8,7,8
23,0x00000000100000000000000000000000,8,8,7,7
24,0x00000002000000000000000000000000,8,8,8,7
25,0x00000020000000000000000000000000,8,8,8,7
26,0x00000400000000000000000000000000,8,8,8,7
27,0x00004000000000000000000000000000,8,8,8,7
28,0x00080000000000000000000000000000,7,8,7,7
29,0x00800000000000000000000000000000,7,8,7,7
30,0x01000000000000000000000000000000,8,7,8,7
31,0x10000000000000000000000000000000,8,7,8,7
32,0x00000000000000000000000000000004,6,8,8,8
33,0x00000000000000000000000000000040,7,8,8,8
34,0x00000000000000000000000000008000,6,8,8,7
35,0x00000000000000000000000000000800,7,8,8,7
36,0x00000000000000000000000000100000,7,8,8,8
37,0x00000000000000000000000000010000,8,8,8,8
38,0x00000000000000000000000020000000,8,8,8,7
39,0x00000000000000000000000002000000,8,8,8,7
40,0x00000000000000000000000400000000,8,7,7,7
41,0x00000000000000000000004000000000,8,8,8,7
42,0x00000000000000000000800000000000,8,6,7,8
43,0x00000000000000000000080000000000,8,7,8,8
44,0x00000000000000000010000000000000,8,7,7,7
45,0x00000000000000000001000000000000,8,7,7,7
46,0x00000000000000002000000000000000,8,8,7,8
47,0x00000000000000000200000000000000,8,7,6,8
48,0x00000000000000040000000000000000,8,7,7,7
49,0x00000000000000400000000000000000,8,7,7,8
50,0x00000000000080000000000000000000,8,8,7,8
51,0x00000000000008000000000000000000,8,8,7,8
52,0x00000000001000000000000000000000,7,8,8,7
53,0x00000000000100000000000000000000,7,8,8,8
54,0x00000000200000000000000000000000,7,7,8,8
55,0x00000000020000000000000000000000,7,7,8,7
56,0x00000004000000000000000000000000,8,8,8,8
57,0x00000040000000000000000000000000,8,8,8,8
58,0x00008000000000000000000000000000,8,8,8,8
59,0x00000800000000000000000000000000,8,8,8,8
60,0x00100000000000000000000000000000,8,8,8,8
61,0x00010000000000000000000000000000,8,8,8,8
62,0x20000000000000000000000000000000,8,8,8,8
63,0x02000000000000000000000000000000,8,8,8,8
64,0x00000000000000000000000000000006,8,12,12,12
65,0x00000000000000000000000000000060,9,12,12,12
66,0x00000000000000000000000000008400,9,7,10,10
67,0x00000000000000000000000000004800,10,7,10,10
68,0x00000000000000000000000000180000,9,10,10,10
69,0x00000000000000000000000000810000,9,10,10,10
70,0x00000000000000000000000021000000,12,12,12,9
71,0x00000000000000000000000012000000,12,12,12,9
72,0x00000000000000000000000600000000,12,11,9,9
73,0x00000000000000000000006000000000,12,12,10,9
74,0x00000000000000000000840000000000,10,9,6,10
75,0x00000000000000000000480000000000,10,10,7,10
76,0x00000000000000000018000000000000,10,7,7,7
77,0x00000000000000000081000000000000,10,7,7,7
78,0x00000000000000002100000000000000,12,10,9,12
79,0x00000000000000001200000000000000,12,9,8,12
80,0x00000000000000060000000000000000,10,9,9,9
81,0x00000000000000600000000000000000,10,9,9,10
82,0x00000000000084000000000000000000,7,10,10,10
83,0x00000000000048000000000000000000,7,10,10,10
84,0x00000000001800000000000000000000,7,10,10,9
85,0x00000000008100000000000000000000,7,10,10,9
86,0x00000000210000000000000000000000,9,9,12,10
87,0x00000000120000000000000000000000,9,9,12,9
88,0x00000006000000000000000000000000,12,10,12,12
89,0x00000060000000000000000000000000,12,10,12,12
90,0x00008400000000000000000000000000,10,10,10,7
91,0x00004800000000000000000000000000,10,10,10,7
92,0x00180000000000000000000000000000,10,10,10,10
93,0x00810000000000000000000000000000,10,10,10,10
94,0x21000000000000000000000000000000,10,12,10,12
95,0x12000000000000000000000000000000,10,12,10,12
96,0x00000000000000000000000000000080,7,8,8,8
97,0x00000000000000000000000000000008,8,8,8,8
98,0x00000000000000000000000000000100,8,8,7,8
99,0x00000000000000000000000000001000,7,8,7,8
100,0x00000000000000000000000000200000,7,7,8,8
101,0x00000000000000000000000000020000,6,7,8,8
102,0x00000000000000000000000004000000,8,8,8,8
103,0x00000000000000000000000040000000,8,8,8,8
104,0x00000000000000000000008000000000,8,7,6,8
105,0x00000000000000000000000800000000,8,8,7,8
106,0x00000000000000000000010000000000,7,8,8,8
107,0x00000000000000000000100000000000,7,7,7,8
108,0x00000000000000000020000000000000,8,8,8,8
109,0x00000000000000000002000000000000,8,8,8,8
110,0x00000000000000000400000000000000,8,6,7,8
111,0x00000000000000004000000000000000,8,7,8,8
112,0x00000000000000800000000000000000,7,8,8,6
113,0x00000000000000080000000000000000,7,8,8,7
114,0x00000000000001000000000000000000,8,7,8,7
115,0x00000000000010000000000000000000,8,7,8,7
116,0x00000000002000000000000000000000,8,8,7,7
117,0x00000000000200000000000000000000,8,8,7,6
118,0x00000000040000000000000000000000,8,8,8,6
119,0x00000000400000000000000000000000,8,8,8,7
120,0x00000080000000000000000000000000,8,7,8,8
121,0x00000008000000000000000000000000,8,7,8,8
122,0x00000100000000000000000000000000,8,8,8,8
123,0x00001000000000000000000000000000,8,8,8,8
124,0x00200000000000000000000000000000,8,8,8,8
125,0x00020000000000000000000000000000,8,8,8,8
126,0x04000000000000000000000000000000,7,8,7,8
127,0x40000000000000000000000000000000,7,8,7,8
128,0x00000000000000000000000000000082,9,10,10,10
129,0x00000000000000000000000000000028,10,10,10,10
130,0x00000000000000000000000000000500,12,10,10,13
131,0x00000000000000000000000000005000,12,10,10,13
132,0x00000000000000000000000000280000,10,10,10,10
133,0x00000000000000000000000000820000,9,10,10,10
134,0x00000000000000000000000005000000,10,13,13,13
135,0x00000000000000000000000050000000,10,13,13,13
136,0x00000000000000000000008200000000,10,9,6,10
137,0x00000000000000000000002800000000,10,10,7,10
138,0x00000000000000000000050000000000,10,12,9,13
139,0x00000000000000000000500000000000,10,12,9,13
140,0x00000000000000000028000000000000,10,10,10,10
141,0x00000000000000000082000000000000,10,10,10,10
142,0x00000000000000000500000000000000,13,9,12,13
143,0x00000000000000005000000000000000,13,9,12,13
144,0x00000000000000820000000000000000,7,10,10,6
145,0x00000000000000280000000000000000,7,10,10,7
146,0x00000000000005000000000000000000,10,10,13,10
147,0x00000000000050000000000000000000,10,10,13,10
148,0x00000000002800000000000000000000,10,7,10,10
149,0x00000000008200000000000000000000,10,7,10,9
150,0x00000000050000000000000000000000,13,13,10,9
151,0x00000000500000000000000000000000,13,13,10,9
152,0x00000082000000000000000000000000,10,7,10,10
153,0x00000028000000000000000000000000,10,7,10,10
154,0x00000500000000000000000000000000,13,13,13,10
155,0x00005000000000000000000000000000,13,13,13,10
156,0x00280000000000000000000000000000,7,10,7,7
157,0x00820000000000000000000000000000,7,10,7,7
158,0x05000000000000000000000000000000,10,10,10,10
159,0x50000000000000000000000000000000,10,10,10,10
160,0x00000000000000000000000000000084,6,10,10,10
161,0x00000000000000000000000000000048,7,10,10,10
162,0x00000000000000000000000000008100,9,10,7,10
163,0x00000000000000000000000000001800,9,10,7,10
164,0x00000000000000000000000000300000,11,12,12,12
165,0x00000000000000000000000000030000,11,12,12,12
166,0x00000000000000000000000024000000,10,12,12,9
167,0x00000000000000000000000042000000,10,12,12,9
168,0x00000000000000000000008400000000,10,9,9,7
169,0x00000000000000000000004800000000,10,10,10,7
170,0x00000000000000000000810000000000,7,9,9,10
171,0x00000000000000000000180000000000,7,9,9,10
172,0x00000000000000000030000000000000,12,9,9,9
173,0x00000000000000000003000000000000,12,9,9,9
174,0x00000000000000002400000000000000,12,11,8,12
175,0x00000000000000004200000000000000,12,11,8,12
176,0x00000000000000840000000000000000,10,7,7,9
177,0x00000000000000480000000000000000,10,7,7,10
178,0x00000000000081000000000000000000,10,7,10,7
179,0x00000000000018000000000000000000,10,7,10,7
180,0x00000000003000000000000000000000,9,10,12,11
181,0x00000000000300000000000000000000,9,10,12,11
182,0x00000000240000000000000000000000,9,9,10,11
183,0x00000000420000000000000000000000,9,9,10,11
184,0x00000084000000000000000000000000,10,10,10,10
185,0x00000048000000000000000000000000,10,10,10,10
186,0x00008100000000000000000000000000,10,10,10,10
187,0x00001800000000000000000000000000,10,10,10,10
188,0x00300000000000000000000000000000,10,12,10,10
189,0x00030000000000000000000000000000,10,12,10,10
190,0x24000000000000000000000000000000,12,10,12,10
191,0x42000000000000000000000000000000,12,10,12,10
192,0x00000000000000000000000000000086,8,12,12,12
193,0x00000000000000000000000000000068,9,12,12,12
194,0x00000000000000000000000000008500,12,10,10,13
195,0x00000000000000000000000000005800,12,10,10,13
196,0x00000000000000000000000000380000,11,12,12,12
197,0x00000000000000000000000000830000,11,12,12,12
198,0x00000000000000000000000025000000,12,14,14,11
199,0x00000000000000000000000052000000,12,14,14,11
200,0x00000000000000000000008600000000,12,11,9,9
201,0x00000000000000000000006800000000,12,12,10,9
202,0x00000000000000000000850000000000,10,12,9,13
203,0x00000000000000000000580000000000,10,12,9,13
204,0x00000000000000000038000000000000,12,9,9,9
205,0x00000000000000000083000000000000,12,9,9,9
206,0x00000000000000002500000000000000,14,11,10,14
207,0x00000000000000005200000000000000,14,11,10,14
208,0x00000000000000860000000000000000,10,9,9,9
209,0x00000000000000680000000000000000,10,9,9,10
210,0x00000000000085000000000000000000,10,10,13,10
211,0x00000000000058000000000000000000,10,10,13,10
212,0x00000000003800000000000000000000,9,10,12,11
213,0x00000000008300000000000000000000,9,10,12,11
214,0x00000000250000000000000000000000,11,11,12,11
215,0x00000000520000000000000000000000,11,11,12,11
216,0x00000086000000000000000000000000,12,10,12,12
217,0x00000068000000000000000000000000,12,10,12,12
218,0x00008500000000000000000000000000,13,13,13,10
219,0x00005800000000000000000000000000,13,13,13,10
220,0x00380000000000000000000000000000,10,12,10,10
221,0x00830000000000000000000000000000,10,12,10,10
222,0x25000000000000000000000000000000,12,12,12,12
223,0x52000000000000000000000000000000,12,12,12,12
224,0x00000000000000000000000000000010,7,7,8,7
225,0x00000000000000000000000000000001,8,7,8,7
226,0x00000000000000000000000000000200,7,8,8,8
227,0x00000000000000000000000000002000,8,8,8,8
228,0x00000000000000000000000000040000,7,8,7,7
229,0x00000000000000000000000000400000,8,8,7,7
230,0x00000000000000000000000080000000,8,7,7,8
231,0x00000000000000000000000008000000,8,7,7,8
232,0x00000000000000000000001000000000,8,7,7,8
233,0x00000000000000000000000100000000,8,8,8,8
234,0x00000000000000000000020000000000,8,7,7,7
235,0x00000000000000000000200000000000,8,8,8,7
236,0x00000000000000000004000000000000,7,8,8,8
237,0x00000000000000000040000000000000,7,8,8,8
238,0x00000000000000008000000000000000,7,7,7,7
239,0x00000000000000000800000000000000,7,8,8,7
240,0x00000000000000100000000000000000,8,8,8,7
241,0x00000000000000010000000000000000,8,8,8,8
242,0x00000000000002000000000000000000,8,8,8,8
243,0x00000000000020000000000000000000,8,8,8,8
244,0x00000000000400000000000000000000,8,8,8,7
245,0x00000000004000000000000000000000,8,8,8,8
246,0x00000000800000000000000000000000,8,8,8,7
247,0x00000000080000000000000000000000,8,8,8,8
248,0x00000010000000000000000000000000,7,8,7,8
249,0x00000001000000000000000000000000,7,8,7,8
250,0x00000200000000000000000000000000,7,7,7,8
251,0x00002000000000000000000000000000,7,7,7,8
252,0x00040000000000000000000000000000,8,7,8,8
253,0x00400000000000000000000000000000,8,7,8,8
254,0x80000000000000000000000000000000,8,8,8,8
255,0x08000000000000000000000000000000,8,8,8,8
256,0x00000000000000000000000000000012,9,12,9,12
257,0x00000000000000000000000000000021,10,12,9,12
258,0x00000000000000000000000000000600,9,9,12,10
259,0x00000000000000000000000000006000,10,9,12,10
260,0x000000000000000000000000000c0000,11,12,14,14
261,0x00000000000000000000000000c00000,11,12,14,14
262,0x00000000000000000000000081000000,7,10,10,10
263,0x00000000000000000000000018000000,7,10,10,10
264,0x00000000000000000000001200000000,9,8,11,10
265,0x00000000000000000000002100000000,9,9,12,10
266,0x00000000000000000000060000000000,12,9,8,12
267,0x00000000000000000000600000000000,12,10,9,12
268,0x0000000000000000000c000000000000,14,12,12,12
269,0x000000000000000000c0000000000000,14,12,12,12
270,0x00000000000000008100000000000000,10,9,9,10
271,0x00000000000000001800000000000000,10,9,9,10
272,0x00000000000000120000000000000000,12,10,10,11
273,0x00000000000000210000000000000000,12,10,10,12
274,0x00000000000006000000000000000000,9,12,10,12
275,0x00000000000060000000000000000000,9,12,10,12
276,0x00000000000c00000000000000000000,12,11,12,11
277,0x0000000000c000000000000000000000,12,11,12,11
278,0x00000000810000000000000000000000,10,10,7,9
279,0x00000000180000000000000000000000,10,10,7,9
280,0x00000012000000000000000000000000,12,12,12,9
281,0x00000021000000000000000000000000,12,12,12,9
282,0x00000600000000000000000000000000,12,12,12,9
283,0x00006000000000000000000000000000,12,12,12,9
284,0x000c0000000000000000000000000000,11,14,11,11
285,0x00c00000000000000000000000000000,11,14,11,11
286,0x81000000000000000000000000000000,10,7,10,7
287,0x18000000000000000000000000000000,10,7,10,7
288,0x00000000000000000000000000000014,10,11,9,11
289,0x00000000000000000000000000000041,11,11,9,11
290,0x00000000000000000000000000008200,6,10,10,7
291,0x00000000000000000000000000002800,7,10,10,7
292,0x00000000000000000000000000140000,8,9,11,11
293,0x00000000000000000000000000410000,9,9,11,11
294,0x000000000000000000000000a0000000,12,14,14,11
295,0x0000000000000000000000000a000000,12,14,14,11
296,0x00000000000000000000001400000000,9,8,8,11
297,0x00000000000000000000004100000000,9,9,9,11
298,0x00000000000000000000820000000000,10,6,9,10
299,0x00000000000000000000280000000000,10,7,10,10
300,0x00000000000000000014000000000000,11,11,11,11
301,0x00000000000000000041000000000000,11,11,11,11
302,0x0000000000000000a000000000000000,14,11,10,14
303,0x00000000000000000a00000000000000,14,11,10,14
304,0x00000000000000140000000000000000,9,11,11,8
305,0x00000000000000410000000000000000,9,11,11,9
306,0x00000000000082000000000000000000,10,10,7,10
307,0x00000000000028000000000000000000,10,10,7,10
308,0x00000000001400000000000000000000,11,9,9,8
309,0x00000000004100000000000000000000,11,9,9,9
310,0x00000000a00000000000000000000000,11,11,12,11
311,0x000000000a0000000000000000000000,11,11,12,11
312,0x00000014000000000000000000000000,11,9,11,9
313,0x00000041000000000000000000000000,11,9,11,9
314,0x00008200000000000000000000000000,10,10,10,10
315,0x00002800000000000000000000000000,10,10,10,10
316,0x00140000000000000000000000000000,9,11,9,9
317,0x00410000000000000000000000000000,9,11,9,9
318,0xa0000000000000000000000000000000,12,12,12,12
319,0x0a000000000000000000000000000000,12,12,12,12
320,0x00000000000000000000000000000016,10,13,11,13
321,0x00000000000000000000000000000061,11,13,11,13
322,0x00000000000000000000000000008600,9,9,12,10
323,0x00000000000000000000000000006800,10,9,12,10
324,0x000000000000000000000000001c0000,10,11,13,13
325,0x00000000000000000000000000c10000,10,11,13,13
326,0x000000000000000000000000a1000000,12,14,14,11
327,0x0000000000000000000000001a000000,12,14,14,11
328,0x00000000000000000000001600000000,11,10,10,11
329,0x00000000000000000000006100000000,11,11,11,11
330,0x00000000000000000000860000000000,12,9,8,12
331,0x00000000000000000000680000000000,12,10,9,12
332,0x0000000000000000001c000000000000,13,11,11,11
333,0x000000000000000000c1000000000000,13,11,11,11
334,0x0000000000000000a100000000000000,14,11,10,14
335,0x00000000000000001a00000000000000,14,11,10,14
336,0x00000000000000160000000000000000,11,11,11,10
337,0x00000000000000610000000000000000,11,11,11,11
338,0x00000000000086000000000000000000,9,12,10,12
339,0x00000000000068000000000000000000,9,12,10,12
340,0x00000000001c00000000000000000000,11,11,11,10
341,0x0000000000c100000000000000000000,11,11,11,10
342,0x00000000a10000000000000000000000,11,11,12,11
343,0x000000001a0000000000000000000000,11,11,12,11
344,0x00000016000000000000000000000000,13,11,13,11
345,0x00000061000000000000000000000000,13,11,13,11
346,0x00008600000000000000000000000000,12,12,12,9
347,0x00006800000000000000000000000000,12,12,12,9
348,0x001c0000000000000000000000000000,11,13,11,11
349,0x00c10000000000000000000000000000,11,13,11,11
350,0xa1000000000000000000000000000000,12,12,12,12
351,0x1a000000000000000000000000000000,12,12,12,12
352,0x00000000000000000000000000000090,11,14,12,14
353,0x00000000000000000000000000000009,12,14,12,14
354,0x00000000000000000000000000000300,9,12,9,10
355,0x00000000000000000000000000003000,9,12,9,10
356,0x00000000000000000000000000240000,8,9,12,12
357,0x00000000000000000000000000420000,8,9,12,12
358,0x00000000000000000000000084000000,10,10,10,10
359,0x00000000000000000000000048000000,10,10,10,10
360,0x00000000000000000000009000000000,12,11,10,12
361,0x00000000000000000000000900000000,12,12,11,12
362,0x00000000000000000000030000000000,9,9,11,12
363,0x00000000000000000000300000000000,9,9,11,12
364,0x00000000000000000024000000000000,12,10,10,10
365,0x00000000000000000042000000000000,12,10,10,10
366,0x00000000000000008400000000000000,10,6,9,10
367,0x00000000000000004800000000000000,10,7,10,10
368,0x00000000000000900000000000000000,11,12,12,10
369,0x00000000000000090000000000000000,11,12,12,11
370,0x00000000000003000000000000000000,12,9,10,9
371,0x00000000000030000000000000000000,12,9,10,9
372,0x00000000002400000000000000000000,10,12,9,8
373,0x00000000004200000000000000000000,10,12,9,8
374,0x00000000840000000000000000000000,10,10,10,6
375,0x00000000480000000000000000000000,10,10,10,7
376,0x00000090000000000000000000000000,14,11,14,12
377,0x00000009000000000000000000000000,14,11,14,12
378,0x00000300000000000000000000000000,12,12,12,12
379,0x00003000000000000000000000000000,12,12,12,12
380,0x00240000000000000000000000000000,12,12,12,12
381,0x00420000000000000000000000000000,12,12,12,12
382,0x84000000000000000000000000000000,7,10,7,10
383,0x48000000000000000000000000000000,7,10,7,10
384,0x00000000000000000000000000000092,11,14,12,14
385,0x00000000000000000000000000000029,12,14,12,14
386,0x00000000000000000000000000000700,12,12,12,13
387,0x00000000000000000000000000007000,12,12,12,13
388,0x000000000000000000000000002c0000,11,12,14,14
389,0x00000000000000000000000000c20000,11,12,14,14
390,0x00000000000000000000000085000000,10,13,13,13
391,0x00000000000000000000000058000000,10,13,13,13
392,0x00000000000000000000009200000000,12,11,10,12
393,0x00000000000000000000002900000000,12,12,11,12
394,0x00000000000000000000070000000000,12,12,11,15
395,0x00000000000000000000700000000000,12,12,11,15
396,0x0000000000000000002c000000000000,14,12,12,12
397,0x000000000000000000c2000000000000,14,12,12,12
398,0x00000000000000008500000000000000,13,9,12,13
399,0x00000000000000005800000000000000,13,9,12,13
400,0x00000000000000920000000000000000,11,12,12,10
401,0x00000000000000290000000000000000,11,12,12,11
402,0x00000000000007000000000000000000,12,12,13,12
403,0x00000000000070000000000000000000,12,12,13,12
404,0x00000000002c00000000000000000000,12,11,12,11
405,0x0000000000c200000000000000000000,12,11,12,11
406,0x00000000850000000000000000000000,13,13,10,9
407,0x00000000580000000000000000000000,13,13,10,9
408,0x00000092000000000000000000000000,14,11,14,12
409,0x00000029000000000000000000000000,14,11,14,12
410,0x00000700000000000000000000000000,15,15,15,12
411,0x00007000000000000000000000000000,15,15,15,12
412,0x002c0000000000000000000000000000,11,14,11,11
413,0x00c20000000000000000000000000000,11,14,11,11
414,0x85000000000000000000000000000000,10,10,10,10
415,0x58000000000000000000000000000000,10,10,10,10
416,0x00000000000000000000000000000094,10,13,11,13
417,0x00000000000000000000000000000049,11,13,11,13
418,0x00000000000000000000000000008300,9,12,9,10
419,0x00000000000000000000000000003800,9,12,9,10
420,0x00000000000000000000000000340000,10,11,13,13
421,0x00000000000000000000000000430000,10,11,13,13
422,0x000000000000000000000000a4000000,12,14,14,11
423,0x0000000000000000000000004a000000,12,14,14,11
424,0x00000000000000000000009400000000,11,10,10,11
425,0x00000000000000000000004900000000,11,11,11,11
426,0x00000000000000000000830000000000,9,9,11,12
427,0x00000000000000000000380000000000,9,9,11,12
428,0x00000000000000000034000000000000,13,11,11,11
429,0x00000000000000000043000000000000,13,11,11,11
430,0x0000000000000000a400000000000000,14,11,10,14
431,0x00000000000000004a00000000000000,14,11,10,14
432,0x00000000000000940000000000000000,11,11,11,10
433,0x00000000000000490000000000000000,11,11,11,11
434,0x00000000000083000000000000000000,12,9,10,9
435,0x00000000000038000000000000000000,12,9,10,9
436,0x00000000003400000000000000000000,11,11,11,10
437,0x00000000004300000000000000000000,11,11,11,10
438,0x00000000a40000000000000000000000,11,11,12,11
439,0x000000004a0000000000000000000000,11,11,12,11
440,0x00000094000000000000000000000000,13,11,13,11
441,0x00000049000000000000000000000000,13,11,13,11
442,0x00008300000000000000000000000000,12,12,12,12
443,0x00003800000000000000000000000000,12,12,12,12
444,0x00340000000000000000000000000000,11,13,11,11
445,0x00430000000000000000000000000000,11,13,11,11
446,0xa4000000000000000000000000000000,12,12,12,12
447,0x4a000000000000000000000000000000,12,12,12,12
448,0x00000000000000000000000000000096,10,13,11,13
449,0x00000000000000000000000000000069,11,13,11,13
450,0x00000000000000000000000000008700,12,12,12,13
451,0x00000000000000000000000000007800,12,12,12,13
452,0x000000000000000000000000003c0000,10,11,13,13
453,0x00000000000000000000000000c30000,10,11,13,13
454,0x000000000000000000000000a5000000,12,14,14,11
455,0x0000000000000000000000005a000000,12,14,14,11
456,0x00000000000000000000009600000000,11,10,10,11
457,0x00000000000000000000006900000000,11,11,11,11
458,0x00000000000000000000870000000000,12,12,11,15
459,0x00000000000000000000780000000000,12,12,11,15
460,0x0000000000000000003c000000000000,13,11,11,11
461,0x000000000000000000c3000000000000,13,11,11,11
462,0x0000000000000000a500000000000000,14,11,10,14
463,0x00000000000000005a00000000000000,14,11,10,14
464,0x00000000000000960000000000000000,11,11,11,10
465,0x00000000000000690000000000000000,11,11,11,11
466,0x00000000000087000000000000000000,12,12,13,12
467,0x00000000000078000000000000000000,12,12,13,12
468,0x00000000003c00000000000000000000,11,11,11,10
469,0x0000000000c300000000000000000000,11,11,11,10
470,0x00000000a50000000000000000000000,11,11,12,11
471,0x000000005a0000000000000000000000,11,11,12,11
472,0x00000096000000000000000000000000,13,11,13,11
473,0x00000069000000000000000000000000,13,11,13,11
474,0x00008700000000000000000000000000,15,15,15,12
475,0x00007800000000000000000000000000,15,15,15,12
476,0x003c0000000000000000000000000000,11,13,11,11
477,0x00c30000000000000000000000000000,11,13,11,11
478,0xa5000000000000000000000000000000,12,12,12,12
479,0x5a000000000000000000000000000000,12,12,12,12
