,Input_diff,Round0,Round1,Round2,Round3
0,00000000000000000000000000000002,10,9,9,9
1,00000000000000000000000000000020,10,9,9,10
2,00000000000000000000000000000400,10,10,9,9
3,00000000000000000000000000004000,10,10,10,9
4,00000000000000000000000000080000,10,10,10,10
5,00000000000000000000000000800000,10,10,10,10
6,00000000000000000000000001000000,9,9,10,10
7,00000000000000000000000010000000,8,9,10,10
8,00000000000000000000000200000000,10,10,10,9
9,00000000000000000000002000000000,10,10,10,9
10,00000000000000000000040000000000,10,10,10,9
11,00000000000000000000400000000000,10,10,10,10
12,00000000000000000008000000000000,9,9,9,10
13,00000000000000000080000000000000,9,10,9,10
14,00000000000000000100000000000000,10,10,9,10
15,00000000000000001000000000000000,10,10,9,10
16,00000000000000020000000000000000,10,10,10,10
17,00000000000000200000000000000000,10,10,10,10
18,00000000000004000000000000000000,8,10,9,10
19,00000000000040000000000000000000,9,10,9,10
20,00000000000800000000000000000000,10,10,10,10
21,00000000008000000000000000000000,10,10,10,10
22,00000000010000000000000000000000,10,9,9,9
23,00000000100000000000000000000000,10,9,9,8
24,00000002000000000000000000000000,9,9,10,10
25,00000020000000000000000000000000,9,10,10,10
26,00000400000000000000000000000000,10,9,10,10
27,00004000000000000000000000000000,10,9,10,10
28,00080000000000000000000000000000,9,9,9,9
29,00800000000000000000000000000000,10,9,9,9
30,01000000000000000000000000000000,10,10,10,10
31,10000000000000000000000000000000,10,10,10,10
32,00000000000000000000000000000004,9,10,10,8
33,00000000000000000000000000000040,9,10,10,9
34,00000000000000000000000000008000,10,9,8,10
35,00000000000000000000000000000800,10,9,9,10
36,00000000000000000000000000100000,9,9,10,9
37,00000000000000000000000000010000,9,9,10,9
38,00000000000000000000000020000000,9,10,9,10
39,00000000000000000000000002000000,9,10,9,10
40,00000000000000000000000400000000,10,9,9,10
41,00000000000000000000004000000000,10,9,9,10
42,00000000000000000000800000000000,9,10,10,8
43,00000000000000000000080000000000,9,10,10,9
44,00000000000000000010000000000000,10,10,9,10
45,00000000000000000001000000000000,10,9,8,10
46,00000000000000002000000000000000,9,9,10,9
47,00000000000000000200000000000000,9,9,10,9
48,00000000000000040000000000000000,9,10,9,9
49,00000000000000400000000000000000,9,10,9,9
50,00000000000080000000000000000000,9,9,10,10
51,00000000000008000000000000000000,9,9,10,10
52,00000000001000000000000000000000,9,9,9,9
53,00000000000100000000000000000000,9,9,9,9
54,00000000200000000000000000000000,10,9,9,9
55,00000000020000000000000000000000,10,9,9,9
56,00000004000000000000000000000000,10,8,10,10
57,00000040000000000000000000000000,10,9,10,10
58,00008000000000000000000000000000,9,10,9,9
59,00000800000000000000000000000000,9,10,9,9
60,00100000000000000000000000000000,10,10,10,10
61,00010000000000000000000000000000,9,10,10,10
62,20000000000000000000000000000000,9,9,9,9
63,02000000000000000000000000000000,9,9,9,9
64,00000000000000000000000000000006,11,9,9,9
65,00000000000000000000000000000060,11,9,9,10
66,00000000000000000000000000008400,10,9,10,11
67,00000000000000000000000000004800,10,9,10,11
68,00000000000000000000000000180000,10,11,10,11
69,00000000000000000000000000810000,10,11,10,11
70,00000000000000000000000021000000,10,11,10,10
71,00000000000000000000000012000000,10,11,10,10
72,00000000000000000000000600000000,10,10,11,9
73,00000000000000000000006000000000,10,10,11,9
74,00000000000000000000840000000000,9,10,10,10
75,00000000000000000000480000000000,9,10,10,10
76,00000000000000000018000000000000,11,9,10,10
77,00000000000000000081000000000000,11,10,9,10
78,00000000000000002100000000000000,10,10,11,10
79,00000000000000001200000000000000,10,10,11,10
80,00000000000000060000000000000000,10,10,10,11
81,00000000000000600000000000000000,10,10,10,11
82,00000000000084000000000000000000,10,11,11,10
83,00000000000048000000000000000000,10,11,11,10
84,00000000001800000000000000000000,11,10,11,10
85,00000000008100000000000000000000,11,10,11,10
86,00000000210000000000000000000000,10,9,9,10
87,00000000120000000000000000000000,10,10,10,10
88,00000006000000000000000000000000,9,10,10,10
89,00000060000000000000000000000000,9,11,10,10
90,00008400000000000000000000000000,11,11,9,9
91,00004800000000000000000000000000,11,11,9,9
92,00180000000000000000000000000000,9,11,11,11
93,00810000000000000000000000000000,10,11,11,11
94,21000000000000000000000000000000,10,10,10,10
95,12000000000000000000000000000000,10,10,10,10
96,00000000000000000000000000000080,10,9,9,9
97,00000000000000000000000000000008,10,9,9,10
98,00000000000000000000000000000100,10,10,9,9
99,00000000000000000000000000001000,10,10,10,9
100,00000000000000000000000000200000,10,10,10,10
101,00000000000000000000000000020000,10,10,10,10
102,00000000000000000000000004000000,9,9,10,10
103,00000000000000000000000040000000,8,9,10,10
104,00000000000000000000008000000000,10,10,10,9
105,00000000000000000000000800000000,10,10,10,9
106,00000000000000000000010000000000,10,10,10,9
107,00000000000000000000100000000000,10,10,10,10
108,00000000000000000020000000000000,9,9,9,10
109,00000000000000000002000000000000,9,10,9,10
110,00000000000000000400000000000000,10,10,9,10
111,00000000000000004000000000000000,10,10,9,10
112,00000000000000800000000000000000,10,10,10,10
113,00000000000000080000000000000000,10,10,10,10
114,00000000000001000000000000000000,8,10,9,10
115,00000000000010000000000000000000,9,10,9,10
116,00000000002000000000000000000000,10,10,10,10
117,00000000000200000000000000000000,10,10,10,10
118,00000000040000000000000000000000,10,9,9,9
119,00000000400000000000000000000000,10,9,9,8
120,00000080000000000000000000000000,9,9,10,10
121,00000008000000000000000000000000,9,10,10,10
122,00000100000000000000000000000000,10,9,10,10
123,00001000000000000000000000000000,10,9,10,10
124,00200000000000000000000000000000,9,9,9,9
125,00020000000000000000000000000000,10,9,9,9
126,04000000000000000000000000000000,10,10,10,10
127,40000000000000000000000000000000,10,10,10,10
128,00000000000000000000000000000082,10,11,11,9
129,00000000000000000000000000000028,10,11,11,10
130,00000000000000000000000000000500,11,10,9,9
131,00000000000000000000000000005000,11,10,10,9
132,00000000000000000000000000280000,10,10,11,10
133,00000000000000000000000000820000,10,10,11,10
134,00000000000000000000000005000000,10,11,10,11
135,00000000000000000000000050000000,10,11,10,11
136,00000000000000000000008200000000,11,10,10,11
137,00000000000000000000002800000000,11,10,10,11
138,00000000000000000000050000000000,10,11,11,9
139,00000000000000000000500000000000,10,11,11,10
140,00000000000000000028000000000000,11,11,10,11
141,00000000000000000082000000000000,11,10,9,11
142,00000000000000000500000000000000,10,10,11,10
143,00000000000000005000000000000000,10,10,11,10
144,00000000000000820000000000000000,10,11,10,10
145,00000000000000280000000000000000,10,11,10,10
146,00000000000005000000000000000000,8,10,9,11
147,00000000000050000000000000000000,9,10,9,11
148,00000000002800000000000000000000,10,10,10,10
149,00000000008200000000000000000000,10,10,10,10
150,00000000050000000000000000000000,11,10,10,10
151,00000000500000000000000000000000,11,10,10,10
152,00000082000000000000000000000000,11,9,11,11
153,00000028000000000000000000000000,11,10,11,11
154,00000500000000000000000000000000,10,9,10,10
155,00005000000000000000000000000000,10,9,10,10
156,00280000000000000000000000000000,11,11,11,11
157,00820000000000000000000000000000,10,11,11,11
158,05000000000000000000000000000000,10,10,10,10
159,50000000000000000000000000000000,10,10,10,10
160,00000000000000000000000000000084,10,11,11,10
161,00000000000000000000000000000048,10,11,11,11
162,00000000000000000000000000008100,10,11,8,11
163,00000000000000000000000000001800,10,11,9,11
164,00000000000000000000000000300000,11,10,10,10
165,00000000000000000000000000030000,11,10,10,10
166,00000000000000000000000024000000,10,11,10,10
167,00000000000000000000000042000000,10,11,10,10
168,00000000000000000000008400000000,10,11,10,11
169,00000000000000000000004800000000,10,11,10,11
170,00000000000000000000810000000000,11,10,10,8
171,00000000000000000000180000000000,11,10,10,9
172,00000000000000000030000000000000,9,9,10,10
173,00000000000000000003000000000000,9,10,10,10
174,00000000000000002400000000000000,10,10,11,10
175,00000000000000004200000000000000,10,10,11,10
176,00000000000000840000000000000000,11,10,11,10
177,00000000000000480000000000000000,11,10,11,10
178,00000000000081000000000000000000,10,9,11,10
179,00000000000018000000000000000000,11,9,11,10
180,00000000003000000000000000000000,10,11,10,11
181,00000000000300000000000000000000,10,11,10,11
182,00000000240000000000000000000000,10,9,9,10
183,00000000420000000000000000000000,10,10,10,10
184,00000084000000000000000000000000,11,9,10,10
185,00000048000000000000000000000000,11,10,10,10
186,00008100000000000000000000000000,9,11,11,11
187,00001800000000000000000000000000,9,11,11,11
188,00300000000000000000000000000000,9,9,9,9
189,00030000000000000000000000000000,10,9,9,9
190,24000000000000000000000000000000,10,10,10,10
191,42000000000000000000000000000000,10,10,10,10
192,00000000000000000000000000000086,12,10,10,8
193,00000000000000000000000000000068,12,10,10,9
194,00000000000000000000000000008500,13,10,9,13
195,00000000000000000000000000005800,13,10,10,13
196,00000000000000000000000000380000,12,9,12,9
197,00000000000000000000000000830000,12,9,12,9
198,00000000000000000000000025000000,11,12,12,15
199,00000000000000000000000052000000,11,12,12,15
200,00000000000000000000008600000000,12,9,12,10
201,00000000000000000000006800000000,12,9,12,10
202,00000000000000000000850000000000,10,13,13,9
203,00000000000000000000580000000000,10,13,13,10
204,00000000000000000038000000000000,10,12,12,12
205,00000000000000000083000000000000,10,11,11,12
206,00000000000000002500000000000000,12,12,12,12
207,00000000000000005200000000000000,12,12,12,12
208,00000000000000860000000000000000,9,12,9,12
209,00000000000000680000000000000000,9,12,9,12
210,00000000000085000000000000000000,12,10,13,13
211,00000000000058000000000000000000,12,10,13,13
212,00000000003800000000000000000000,9,12,9,12
213,00000000008300000000000000000000,9,12,9,12
214,00000000250000000000000000000000,15,14,14,11
215,00000000520000000000000000000000,15,14,14,11
216,00000086000000000000000000000000,10,11,12,12
217,00000068000000000000000000000000,10,12,12,12
218,00008500000000000000000000000000,10,13,10,10
219,00005800000000000000000000000000,10,13,10,10
220,00380000000000000000000000000000,12,10,10,10
221,00830000000000000000000000000000,11,10,10,10
222,25000000000000000000000000000000,12,12,12,12
223,52000000000000000000000000000000,12,12,12,12
224,00000000000000000000000000000010,10,10,10,9
225,00000000000000000000000000000001,10,10,10,10
226,00000000000000000000000000000200,11,10,9,11
227,00000000000000000000000000002000,11,10,10,11
228,00000000000000000000000000040000,10,10,11,10
229,00000000000000000000000000400000,10,10,11,10
230,00000000000000000000000080000000,10,11,10,11
231,00000000000000000000000008000000,10,11,10,11
232,00000000000000000000001000000000,11,10,10,10
233,00000000000000000000000100000000,11,10,10,10
234,00000000000000000000020000000000,10,11,11,9
235,00000000000000000000200000000000,10,11,11,10
236,00000000000000000004000000000000,10,11,10,11
237,00000000000000000040000000000000,10,10,9,11
238,00000000000000008000000000000000,10,10,11,10
239,00000000000000000800000000000000,10,10,11,10
240,00000000000000100000000000000000,10,11,10,10
241,00000000000000010000000000000000,10,11,10,10
242,00000000000002000000000000000000,10,10,11,11
243,00000000000020000000000000000000,10,10,11,11
244,00000000000400000000000000000000,10,10,10,10
245,00000000004000000000000000000000,10,10,10,10
246,00000000800000000000000000000000,11,10,10,10
247,00000000080000000000000000000000,11,10,10,10
248,00000010000000000000000000000000,10,9,11,11
249,00000001000000000000000000000000,10,10,11,11
250,00000200000000000000000000000000,10,11,10,10
251,00002000000000000000000000000000,10,11,10,10
252,00040000000000000000000000000000,11,10,10,10
253,00400000000000000000000000000000,10,10,10,10
254,80000000000000000000000000000000,10,10,10,10
255,08000000000000000000000000000000,10,10,10,10
256,00000000000000000000000000000012,10,9,9,9
257,00000000000000000000000000000021,10,9,9,10
258,00000000000000000000000000000600,10,10,9,9
259,00000000000000000000000000006000,10,10,10,9
260,000000000000000000000000000c0000,10,10,10,10
261,00000000000000000000000000c00000,10,10,10,10
262,00000000000000000000000081000000,9,9,10,10
263,00000000000000000000000018000000,8,9,10,10
264,00000000000000000000001200000000,10,10,10,9
265,00000000000000000000002100000000,10,10,10,9
266,00000000000000000000060000000000,10,10,10,9
267,00000000000000000000600000000000,10,10,10,10
268,0000000000000000000c000000000000,9,9,9,10
269,000000000000000000c0000000000000,9,10,10,10
270,00000000000000008100000000000000,10,10,9,10
271,00000000000000001800000000000000,10,10,9,10
272,00000000000000120000000000000000,10,10,10,10
273,00000000000000210000000000000000,10,10,10,10
274,00000000000006000000000000000000,8,10,9,10
275,00000000000060000000000000000000,9,10,9,10
276,00000000000c00000000000000000000,10,10,10,10
277,0000000000c000000000000000000000,10,10,10,10
278,00000000810000000000000000000000,10,9,9,9
279,00000000180000000000000000000000,10,9,9,8
280,00000012000000000000000000000000,9,9,10,10
281,00000021000000000000000000000000,9,10,10,10
282,00000600000000000000000000000000,10,9,10,10
283,00006000000000000000000000000000,10,9,10,10
284,000c0000000000000000000000000000,9,9,9,9
285,00c00000000000000000000000000000,10,9,9,9
286,81000000000000000000000000000000,10,10,10,10
287,18000000000000000000000000000000,10,10,10,10
288,00000000000000000000000000000014,11,12,12,8
289,00000000000000000000000000000041,11,12,12,9
290,00000000000000000000000000008200,12,12,11,9
291,00000000000000000000000000002800,12,12,11,9
292,00000000000000000000000000140000,11,9,12,9
293,00000000000000000000000000410000,11,9,12,9
294,000000000000000000000000a0000000,12,13,12,15
295,0000000000000000000000000a000000,12,13,12,15
296,00000000000000000000001400000000,12,9,11,12
297,00000000000000000000004100000000,12,9,11,12
298,00000000000000000000820000000000,12,12,12,11
299,00000000000000000000280000000000,12,12,12,11
300,00000000000000000014000000000000,12,12,10,12
301,00000000000000000041000000000000,12,11,11,12
302,0000000000000000a000000000000000,12,12,13,12
303,00000000000000000a00000000000000,12,12,13,12
304,00000000000000140000000000000000,9,12,9,11
305,00000000000000410000000000000000,9,12,9,11
306,00000000000082000000000000000000,8,12,9,12
307,00000000000028000000000000000000,9,12,9,12
308,00000000001400000000000000000000,9,11,9,11
309,00000000004100000000000000000000,9,11,9,11
310,00000000a00000000000000000000000,15,14,14,12
311,000000000a0000000000000000000000,15,14,14,12
312,00000014000000000000000000000000,12,10,12,12
313,00000041000000000000000000000000,12,11,12,12
314,00008200000000000000000000000000,12,9,12,12
315,00002800000000000000000000000000,12,9,12,12
316,00140000000000000000000000000000,12,12,12,12
317,00410000000000000000000000000000,11,12,12,12
318,a0000000000000000000000000000000,12,12,12,12
319,0a000000000000000000000000000000,12,12,12,12
320,00000000000000000000000000000016,11,11,11,9
321,00000000000000000000000000000061,11,11,11,10
322,00000000000000000000000000008600,10,10,10,11
323,00000000000000000000000000006800,10,10,10,11
324,000000000000000000000000001c0000,10,11,10,11
325,00000000000000000000000000c10000,10,11,10,11
326,000000000000000000000000a1000000,10,11,10,10
327,0000000000000000000000001a000000,11,11,10,10
328,00000000000000000000001600000000,10,10,11,11
329,00000000000000000000006100000000,10,10,11,11
330,00000000000000000000860000000000,10,10,10,10
331,00000000000000000000680000000000,10,10,10,10
332,0000000000000000001c000000000000,11,9,10,10
333,000000000000000000c1000000000000,11,10,9,10
334,0000000000000000a100000000000000,10,10,11,10
335,00000000000000001a00000000000000,10,10,11,10
336,00000000000000160000000000000000,10,10,10,11
337,00000000000000610000000000000000,10,10,10,11
338,00000000000086000000000000000000,10,11,11,10
339,00000000000068000000000000000000,10,11,11,10
340,00000000001c00000000000000000000,11,10,11,10
341,0000000000c100000000000000000000,11,10,11,10
342,00000000a10000000000000000000000,10,9,9,10
343,000000001a0000000000000000000000,10,10,10,11
344,00000016000000000000000000000000,11,10,10,10
345,00000061000000000000000000000000,11,11,10,10
346,00008600000000000000000000000000,11,11,10,10
347,00006800000000000000000000000000,11,11,10,10
348,001c0000000000000000000000000000,9,11,11,11
349,00c10000000000000000000000000000,10,11,11,11
350,a1000000000000000000000000000000,10,10,10,10
351,1a000000000000000000000000000000,10,10,10,10
352,00000000000000000000000000000090,10,9,9,9
353,00000000000000000000000000000009,10,9,9,10
354,00000000000000000000000000000300,10,10,9,9
355,00000000000000000000000000003000,10,10,10,9
356,00000000000000000000000000240000,10,10,10,10
357,00000000000000000000000000420000,10,10,10,10
358,00000000000000000000000084000000,9,9,10,10
359,00000000000000000000000048000000,8,9,10,10
360,00000000000000000000009000000000,10,10,10,9
361,00000000000000000000000900000000,10,10,10,9
362,00000000000000000000030000000000,10,10,10,9
363,00000000000000000000300000000000,10,10,10,10
364,00000000000000000024000000000000,9,9,9,10
365,00000000000000000042000000000000,9,10,10,10
366,00000000000000008400000000000000,10,10,9,10
367,00000000000000004800000000000000,10,10,9,10
368,00000000000000900000000000000000,10,10,10,10
369,00000000000000090000000000000000,10,10,10,10
370,00000000000003000000000000000000,8,10,9,10
371,00000000000030000000000000000000,9,10,9,10
372,00000000002400000000000000000000,10,10,10,10
373,00000000004200000000000000000000,10,10,10,10
374,00000000840000000000000000000000,10,9,9,9
375,00000000480000000000000000000000,10,9,9,8
376,00000090000000000000000000000000,9,9,10,10
377,00000009000000000000000000000000,9,10,10,10
378,00000300000000000000000000000000,10,9,10,10
379,00003000000000000000000000000000,10,9,10,10
380,00240000000000000000000000000000,9,9,9,9
381,00420000000000000000000000000000,10,9,9,9
382,84000000000000000000000000000000,10,10,10,10
383,48000000000000000000000000000000,10,10,10,10
384,00000000000000000000000000000092,11,10,10,10
385,00000000000000000000000000000029,11,10,10,11
386,00000000000000000000000000000700,12,10,9,9
387,00000000000000000000000000007000,12,10,10,9
388,000000000000000000000000002c0000,11,11,13,11
389,00000000000000000000000000c20000,11,11,13,11
390,00000000000000000000000085000000,11,12,13,15
391,00000000000000000000000058000000,11,12,13,15
392,00000000000000000000009200000000,13,11,11,10
393,00000000000000000000002900000000,13,11,11,10
394,00000000000000000000070000000000,10,12,12,9
395,00000000000000000000700000000000,10,12,12,10
396,0000000000000000002c000000000000,10,12,10,13
397,000000000000000000c2000000000000,10,12,11,13
398,00000000000000008500000000000000,13,13,12,13
399,00000000000000005800000000000000,13,13,12,13
400,00000000000000920000000000000000,11,13,11,11
401,00000000000000290000000000000000,11,13,11,11
402,00000000000007000000000000000000,8,10,9,12
403,00000000000070000000000000000000,9,10,9,12
404,00000000002c00000000000000000000,11,11,11,11
405,0000000000c200000000000000000000,11,11,11,11
406,00000000850000000000000000000000,15,14,14,11
407,00000000580000000000000000000000,15,14,14,11
408,00000092000000000000000000000000,10,10,13,13
409,00000029000000000000000000000000,10,11,13,13
410,00000700000000000000000000000000,10,9,10,10
411,00007000000000000000000000000000,10,9,10,10
412,002c0000000000000000000000000000,12,10,10,10
413,00c20000000000000000000000000000,12,10,10,10
414,85000000000000000000000000000000,13,13,13,13
415,58000000000000000000000000000000,13,13,13,13
416,00000000000000000000000000000094,10,11,11,10
417,00000000000000000000000000000049,10,11,11,11
418,00000000000000000000000000008300,10,11,9,11
419,00000000000000000000000000003800,10,11,10,11
420,00000000000000000000000000340000,11,10,10,10
421,00000000000000000000000000430000,11,10,10,10
422,000000000000000000000000a4000000,10,11,10,10
423,0000000000000000000000004a000000,10,11,10,10
424,00000000000000000000009400000000,10,11,10,11
425,00000000000000000000004900000000,10,11,10,11
426,00000000000000000000830000000000,11,10,10,9
427,00000000000000000000380000000000,11,10,10,10
428,00000000000000000034000000000000,11,9,10,10
429,00000000000000000043000000000000,11,10,10,10
430,0000000000000000a400000000000000,10,10,11,10
431,00000000000000004a00000000000000,10,10,11,10
432,00000000000000940000000000000000,11,10,11,10
433,00000000000000490000000000000000,11,10,11,10
434,00000000000083000000000000000000,10,10,11,10
435,00000000000038000000000000000000,11,10,11,10
436,00000000003400000000000000000000,10,11,10,11
437,00000000004300000000000000000000,10,11,10,11
438,00000000a40000000000000000000000,10,9,9,10
439,000000004a0000000000000000000000,10,10,10,10
440,00000094000000000000000000000000,11,9,10,10
441,00000049000000000000000000000000,11,10,10,10
442,00008300000000000000000000000000,10,11,11,11
443,00003800000000000000000000000000,10,11,11,11
444,00340000000000000000000000000000,9,11,11,11
445,00430000000000000000000000000000,10,11,11,11
446,a4000000000000000000000000000000,10,10,10,10
447,4a000000000000000000000000000000,10,10,10,10
448,00000000000000000000000000000096,11,10,10,10
449,00000000000000000000000000000069,11,10,10,11
450,00000000000000000000000000008700,12,10,9,9
451,00000000000000000000000000007800,12,10,10,9
452,000000000000000000000000003c0000,11,11,13,11
453,00000000000000000000000000c30000,11,11,13,11
454,000000000000000000000000a5000000,11,12,13,15
455,0000000000000000000000005a000000,11,12,13,15
456,00000000000000000000009600000000,13,11,11,10
457,00000000000000000000006900000000,13,11,11,10
458,00000000000000000000870000000000,10,12,12,9
459,00000000000000000000780000000000,10,12,12,10
460,0000000000000000003c000000000000,10,12,10,13
461,000000000000000000c3000000000000,10,12,11,13
462,0000000000000000a500000000000000,13,13,12,13
463,00000000000000005a00000000000000,13,13,12,13
464,00000000000000960000000000000000,11,13,11,11
465,00000000000000690000000000000000,11,13,11,11
466,00000000000087000000000000000000,8,10,9,12
467,00000000000078000000000000000000,9,10,9,12
468,00000000003c00000000000000000000,11,11,11,11
469,0000000000c300000000000000000000,11,11,11,11
470,00000000a50000000000000000000000,15,14,14,11
471,000000005a0000000000000000000000,15,14,14,11
472,00000096000000000000000000000000,10,10,13,13
473,00000069000000000000000000000000,10,11,13,13
474,00008700000000000000000000000000,10,9,10,10
475,00007800000000000000000000000000,10,9,10,10
476,003c0000000000000000000000000000,12,10,10,10
477,00c30000000000000000000000000000,12,10,10,10
478,a5000000000000000000000000000000,13,13,13,13
479,5a000000000000000000000000000000,13,13,13,13
