,Input_diff,Round0,Round1,Round2,Round3
0,00000000000000000000000000000002,28,26,26,27
1,00000000000000000000000000000020,28,26,25,27
2,00000000000000000000000000000400,27,28,26,27
3,00000000000000000000000000004000,28,28,26,27
4,00000000000000000000000000080000,29,27,28,27
5,00000000000000000000000000800000,29,27,27,27
6,00000000000000000000000001000000,25,29,27,27
7,00000000000000000000000010000000,26,29,27,27
8,00000000000000000000000200000000,26,27,27,28
9,00000000000000000000002000000000,26,27,27,28
10,00000000000000000000040000000000,28,27,28,28
11,00000000000000000000400000000000,28,27,28,28
12,00000000000000000008000000000000,28,28,27,28
13,00000000000000000080000000000000,28,28,27,28
14,00000000000000000100000000000000,28,27,27,27
15,00000000000000001000000000000000,28,26,28,28
16,00000000000000020000000000000000,27,28,27,26
17,00000000000000200000000000000000,28,29,27,27
18,00000000000004000000000000000000,26,27,28,28
19,00000000000040000000000000000000,27,27,28,28
20,00000000000800000000000000000000,27,28,28,27
21,00000000008000000000000000000000,27,27,28,26
22,00000000010000000000000000000000,27,27,26,28
23,00000000100000000000000000000000,26,26,26,27
24,00000002000000000000000000000000,27,26,28,26
25,00000020000000000000000000000000,26,27,28,26
26,00000400000000000000000000000000,26,29,27,27
27,00004000000000000000000000000000,26,29,28,27
28,00080000000000000000000000000000,27,26,28,26
29,00800000000000000000000000000000,27,25,27,26
30,01000000000000000000000000000000,27,27,28,26
31,10000000000000000000000000000000,27,28,27,27
32,00000000000000000000000000000004,25,28,26,28
33,00000000000000000000000000000040,26,28,26,28
34,00000000000000000000000000008000,27,27,26,27
35,00000000000000000000000000000800,27,27,27,27
36,00000000000000000000000000100000,28,29,26,28
37,00000000000000000000000000010000,28,29,26,28
38,00000000000000000000000020000000,28,27,28,27
39,00000000000000000000000002000000,28,27,28,27
40,00000000000000000000000400000000,28,26,28,25
41,00000000000000000000004000000000,28,25,27,26
42,00000000000000000000800000000000,28,28,28,29
43,00000000000000000000080000000000,28,28,28,29
44,00000000000000000010000000000000,28,25,27,26
45,00000000000000000001000000000000,28,26,26,25
46,00000000000000002000000000000000,27,28,27,28
47,00000000000000000200000000000000,27,28,27,28
48,00000000000000040000000000000000,26,25,27,27
49,00000000000000400000000000000000,27,26,27,28
50,00000000000080000000000000000000,26,29,26,28
51,00000000000008000000000000000000,27,29,26,28
52,00000000001000000000000000000000,27,25,26,27
53,00000000000100000000000000000000,27,26,26,28
54,00000000200000000000000000000000,27,28,28,28
55,00000000020000000000000000000000,26,27,28,27
56,00000004000000000000000000000000,27,28,29,27
57,00000040000000000000000000000000,27,29,29,26
58,00008000000000000000000000000000,27,27,27,27
59,00000800000000000000000000000000,28,27,28,27
60,00100000000000000000000000000000,27,28,27,27
61,00010000000000000000000000000000,27,27,28,26
62,20000000000000000000000000000000,26,27,28,26
63,02000000000000000000000000000000,27,26,27,26
64,00000000000000000000000000000006,30,37,38,37
65,00000000000000000000000000000060,31,37,37,37
66,00000000000000000000000000008400,31,27,34,35
67,00000000000000000000000000004800,31,27,34,35
68,00000000000000000000000000180000,30,32,32,31
69,00000000000000000000000000810000,30,32,32,31
70,00000000000000000000000021000000,35,39,38,33
71,00000000000000000000000012000000,35,39,38,33
72,00000000000000000000000600000000,37,36,32,30
73,00000000000000000000006000000000,37,36,31,31
74,00000000000000000000840000000000,34,32,29,30
75,00000000000000000000480000000000,34,32,29,30
76,00000000000000000018000000000000,34,26,27,28
77,00000000000000000081000000000000,34,27,26,27
78,00000000000000002100000000000000,37,33,30,34
79,00000000000000001200000000000000,37,33,31,34
80,00000000000000060000000000000000,34,30,31,32
81,00000000000000600000000000000000,35,31,31,33
82,00000000000084000000000000000000,28,35,34,34
83,00000000000048000000000000000000,29,35,34,34
84,00000000001800000000000000000000,28,35,34,34
85,00000000008100000000000000000000,28,35,34,34
86,00000000210000000000000000000000,33,33,40,32
87,00000000120000000000000000000000,32,32,40,31
88,00000006000000000000000000000000,35,29,34,35
89,00000060000000000000000000000000,34,30,34,34
90,00008400000000000000000000000000,32,32,31,28
91,00004800000000000000000000000000,32,32,32,28
92,00180000000000000000000000000000,35,33,33,35
93,00810000000000000000000000000000,35,32,33,34
94,21000000000000000000000000000000,33,35,33,36
95,12000000000000000000000000000000,34,36,32,37
96,00000000000000000000000000000080,28,26,26,27
97,00000000000000000000000000000008,28,26,27,27
98,00000000000000000000000000000100,27,29,26,27
99,00000000000000000000000000001000,28,29,26,27
100,00000000000000000000000000200000,28,26,27,27
101,00000000000000000000000000020000,28,26,28,27
102,00000000000000000000000004000000,26,28,26,27
103,00000000000000000000000040000000,27,28,26,27
104,00000000000000000000008000000000,27,28,26,28
105,00000000000000000000000800000000,27,28,26,28
106,00000000000000000000010000000000,28,27,29,28
107,00000000000000000000100000000000,28,27,29,28
108,00000000000000000020000000000000,28,28,27,28
109,00000000000000000002000000000000,28,28,27,28
110,00000000000000000400000000000000,28,26,28,27
111,00000000000000004000000000000000,28,25,27,28
112,00000000000000800000000000000000,26,28,27,25
113,00000000000000080000000000000000,27,29,27,26
114,00000000000001000000000000000000,28,26,27,28
115,00000000000010000000000000000000,27,26,27,28
116,00000000002000000000000000000000,27,29,27,26
117,00000000000200000000000000000000,27,28,27,25
118,00000000040000000000000000000000,26,26,27,27
119,00000000400000000000000000000000,27,27,27,28
120,00000080000000000000000000000000,26,25,28,27
121,00000008000000000000000000000000,27,26,28,27
122,00000100000000000000000000000000,26,28,28,28
123,00001000000000000000000000000000,26,28,27,28
124,00200000000000000000000000000000,28,26,29,27
125,00020000000000000000000000000000,28,25,28,27
126,04000000000000000000000000000000,26,28,26,28
127,40000000000000000000000000000000,26,29,27,27
128,00000000000000000000000000000082,31,37,34,36
129,00000000000000000000000000000028,32,37,34,36
130,00000000000000000000000000000500,40,35,33,42
131,00000000000000000000000000005000,41,35,34,42
132,00000000000000000000000000280000,34,36,32,36
133,00000000000000000000000000820000,34,36,32,36
134,00000000000000000000000005000000,34,42,40,42
135,00000000000000000000000050000000,35,42,40,42
136,00000000000000000000008200000000,34,31,30,31
137,00000000000000000000002800000000,34,31,31,32
138,00000000000000000000050000000000,37,41,36,43
139,00000000000000000000500000000000,37,41,36,43
140,00000000000000000028000000000000,35,33,34,32
141,00000000000000000082000000000000,35,33,33,31
142,00000000000000000500000000000000,43,35,41,40
143,00000000000000005000000000000000,43,35,41,41
144,00000000000000820000000000000000,29,30,35,31
145,00000000000000280000000000000000,30,31,35,32
146,00000000000005000000000000000000,33,36,43,37
147,00000000000050000000000000000000,33,36,43,37
148,00000000002800000000000000000000,36,27,33,34
149,00000000008200000000000000000000,36,26,33,33
150,00000000050000000000000000000000,41,44,37,36
151,00000000500000000000000000000000,41,44,37,36
152,00000082000000000000000000000000,35,31,37,33
153,00000028000000000000000000000000,35,31,37,34
154,00000500000000000000000000000000,41,42,42,36
155,00005000000000000000000000000000,42,42,42,36
156,00280000000000000000000000000000,30,36,31,30
157,00820000000000000000000000000000,30,36,30,29
158,05000000000000000000000000000000,35,34,36,33
159,50000000000000000000000000000000,36,35,36,33
160,00000000000000000000000000000084,27,33,33,35
161,00000000000000000000000000000048,27,33,33,35
162,00000000000000000000000000008100,31,32,29,32
163,00000000000000000000000000001800,32,32,29,32
164,00000000000000000000000000300000,35,33,33,35
165,00000000000000000000000000030000,35,33,34,35
166,00000000000000000000000024000000,33,35,35,31
167,00000000000000000000000042000000,33,35,35,31
168,00000000000000000000008400000000,35,31,33,27
169,00000000000000000000004800000000,35,30,32,27
170,00000000000000000000810000000000,29,32,30,30
171,00000000000000000000180000000000,29,32,30,30
172,00000000000000000030000000000000,38,32,32,31
173,00000000000000000003000000000000,38,32,32,30
174,00000000000000002400000000000000,37,36,29,34
175,00000000000000004200000000000000,37,36,30,34
176,00000000000000840000000000000000,34,29,27,34
177,00000000000000480000000000000000,35,30,27,35
178,00000000000081000000000000000000,30,30,36,29
179,00000000000018000000000000000000,30,30,36,29
180,00000000003000000000000000000000,31,32,38,36
181,00000000000300000000000000000000,31,32,38,36
182,00000000240000000000000000000000,30,32,35,37
183,00000000420000000000000000000000,30,32,35,37
184,00000084000000000000000000000000,30,32,31,33
185,00000048000000000000000000000000,30,32,31,32
186,00008100000000000000000000000000,33,34,33,35
187,00001800000000000000000000000000,33,34,33,35
188,00300000000000000000000000000000,35,37,33,34
189,00030000000000000000000000000000,35,36,33,34
190,24000000000000000000000000000000,38,33,37,33
191,42000000000000000000000000000000,39,34,37,34
192,00000000000000000000000000000086,36,39,41,38
193,00000000000000000000000000000068,36,39,40,38
194,00000000000000000000000000008500,36,34,40,40
195,00000000000000000000000000005800,36,34,39,40
196,00000000000000000000000000380000,42,37,37,37
197,00000000000000000000000000830000,42,37,38,37
198,00000000000000000000000025000000,36,42,41,38
199,00000000000000000000000052000000,36,42,41,38
200,00000000000000000000008600000000,40,41,37,36
201,00000000000000000000006800000000,40,41,36,36
202,00000000000000000000850000000000,42,43,36,36
203,00000000000000000000580000000000,42,43,36,36
204,00000000000000000038000000000000,40,35,34,37
205,00000000000000000083000000000000,40,35,33,36
206,00000000000000002500000000000000,43,37,37,36
207,00000000000000005200000000000000,43,37,38,36
208,00000000000000860000000000000000,36,31,34,35
209,00000000000000680000000000000000,37,32,34,36
210,00000000000085000000000000000000,36,42,40,42
211,00000000000058000000000000000000,36,42,40,42
212,00000000003800000000000000000000,30,33,41,39
213,00000000008300000000000000000000,30,33,41,39
214,00000000250000000000000000000000,37,42,42,42
215,00000000520000000000000000000000,37,42,42,42
216,00000086000000000000000000000000,37,34,37,36
217,00000068000000000000000000000000,36,34,37,35
218,00008500000000000000000000000000,43,40,39,37
219,00005800000000000000000000000000,42,40,39,37
220,00380000000000000000000000000000,37,39,35,37
221,00830000000000000000000000000000,37,38,35,36
222,25000000000000000000000000000000,41,38,39,39
223,52000000000000000000000000000000,41,38,39,40
224,00000000000000000000000000000010,27,28,27,27
225,00000000000000000000000000000001,26,28,27,27
226,00000000000000000000000000000200,28,27,27,28
227,00000000000000000000000000002000,28,27,26,28
228,00000000000000000000000000040000,28,28,25,27
229,00000000000000000000000000400000,28,28,25,27
230,00000000000000000000000080000000,28,26,27,28
231,00000000000000000000000008000000,28,26,27,28
232,00000000000000000000001000000000,28,25,28,27
233,00000000000000000000000100000000,28,26,27,26
234,00000000000000000000020000000000,28,29,28,28
235,00000000000000000000200000000000,28,29,28,28
236,00000000000000000004000000000000,28,27,28,26
237,00000000000000000040000000000000,28,26,27,27
238,00000000000000008000000000000000,26,28,28,27
239,00000000000000000800000000000000,26,28,28,27
240,00000000000000100000000000000000,26,26,27,27
241,00000000000000010000000000000000,27,27,27,28
242,00000000000002000000000000000000,26,29,27,28
243,00000000000020000000000000000000,27,29,27,28
244,00000000000400000000000000000000,28,25,27,27
245,00000000004000000000000000000000,28,26,27,28
246,00000000800000000000000000000000,27,28,28,27
247,00000000080000000000000000000000,28,29,28,28
248,00000010000000000000000000000000,26,28,28,27
249,00000001000000000000000000000000,26,27,28,26
250,00000200000000000000000000000000,27,26,26,27
251,00002000000000000000000000000000,26,26,27,27
252,00040000000000000000000000000000,27,27,27,27
253,00400000000000000000000000000000,27,28,28,26
254,80000000000000000000000000000000,26,26,27,26
255,08000000000000000000000000000000,27,27,28,26
256,00000000000000000000000000000012,33,39,33,39
257,00000000000000000000000000000021,33,39,32,39
258,00000000000000000000000000000600,29,31,36,35
259,00000000000000000000000000006000,30,31,35,35
260,000000000000000000000000000c0000,35,33,39,40
261,00000000000000000000000000c00000,35,33,38,40
262,00000000000000000000000081000000,27,33,34,33
263,00000000000000000000000018000000,28,33,34,33
264,00000000000000000000001200000000,32,31,37,33
265,00000000000000000000002100000000,32,31,36,33
266,00000000000000000000060000000000,38,33,32,35
267,00000000000000000000600000000000,38,33,32,35
268,0000000000000000000c000000000000,42,36,37,36
269,000000000000000000c0000000000000,42,36,38,36
270,00000000000000008100000000000000,35,31,30,31
271,00000000000000001800000000000000,35,30,31,32
272,00000000000000120000000000000000,38,32,34,36
273,00000000000000210000000000000000,39,33,34,37
274,00000000000006000000000000000000,31,37,33,38
275,00000000000060000000000000000000,32,37,33,38
276,00000000000c00000000000000000000,37,36,38,36
277,0000000000c000000000000000000000,37,36,38,36
278,00000000810000000000000000000000,32,34,29,33
279,00000000180000000000000000000000,32,34,29,33
280,00000012000000000000000000000000,37,35,35,31
281,00000021000000000000000000000000,36,34,35,30
282,00000600000000000000000000000000,35,33,33,31
283,00006000000000000000000000000000,34,33,34,31
284,000c0000000000000000000000000000,38,41,36,37
285,00c00000000000000000000000000000,38,42,36,38
286,81000000000000000000000000000000,34,26,33,28
287,18000000000000000000000000000000,34,27,33,29
288,00000000000000000000000000000014,39,40,34,37
289,00000000000000000000000000000041,39,40,34,37
290,00000000000000000000000000008200,28,37,33,30
291,00000000000000000000000000002800,29,37,33,30
292,00000000000000000000000000140000,37,36,37,39
293,00000000000000000000000000410000,37,36,37,39
294,000000000000000000000000a0000000,37,42,41,40
295,0000000000000000000000000a000000,37,42,41,40
296,00000000000000000000001400000000,34,34,36,39
297,00000000000000000000004100000000,34,34,37,39
298,00000000000000000000820000000000,35,30,35,34
299,00000000000000000000280000000000,35,30,35,34
300,00000000000000000014000000000000,37,38,36,39
301,00000000000000000041000000000000,37,38,37,39
302,0000000000000000a000000000000000,42,38,39,37
303,00000000000000000a00000000000000,42,38,39,37
304,00000000000000140000000000000000,33,33,41,36
305,00000000000000410000000000000000,34,34,41,37
306,00000000000082000000000000000000,35,31,31,35
307,00000000000028000000000000000000,36,31,31,35
308,00000000001400000000000000000000,37,30,34,33
309,00000000004100000000000000000000,37,31,34,34
310,00000000a00000000000000000000000,39,44,43,41
311,000000000a0000000000000000000000,39,44,43,41
312,00000014000000000000000000000000,38,37,39,31
313,00000041000000000000000000000000,38,37,39,32
314,00008200000000000000000000000000,33,36,34,36
315,00002800000000000000000000000000,33,36,35,36
316,00140000000000000000000000000000,34,39,33,33
317,00410000000000000000000000000000,34,39,34,34
318,a0000000000000000000000000000000,41,38,39,39
319,0a000000000000000000000000000000,41,38,39,39
320,00000000000000000000000000000016,38,45,40,43
321,00000000000000000000000000000061,38,45,39,43
322,00000000000000000000000000008600,36,33,40,37
323,00000000000000000000000000006800,36,33,39,37
324,000000000000000000000000001c0000,37,37,42,44
325,00000000000000000000000000c10000,37,37,42,44
326,000000000000000000000000a1000000,36,42,42,38
327,0000000000000000000000001a000000,37,42,42,38
328,00000000000000000000001600000000,38,40,39,38
329,00000000000000000000006100000000,38,39,39,38
330,00000000000000000000860000000000,40,36,35,42
331,00000000000000000000680000000000,40,36,35,42
332,0000000000000000001c000000000000,42,37,36,38
333,000000000000000000c1000000000000,42,37,35,37
334,0000000000000000a100000000000000,43,37,34,38
335,00000000000000001a00000000000000,43,38,35,39
336,00000000000000160000000000000000,39,35,40,40
337,00000000000000610000000000000000,40,36,40,41
338,00000000000086000000000000000000,33,39,34,40
339,00000000000068000000000000000000,34,39,34,40
340,00000000001c00000000000000000000,39,38,41,37
341,0000000000c100000000000000000000,39,38,41,37
342,00000000a10000000000000000000000,37,39,41,37
343,000000001a0000000000000000000000,37,39,41,37
344,00000016000000000000000000000000,44,38,41,37
345,00000061000000000000000000000000,43,39,41,37
346,00008600000000000000000000000000,36,37,35,30
347,00006800000000000000000000000000,35,37,36,30
348,001c0000000000000000000000000000,39,45,37,39
349,00c10000000000000000000000000000,39,44,37,38
350,a1000000000000000000000000000000,39,36,38,37
351,1a000000000000000000000000000000,40,37,38,38
352,00000000000000000000000000000090,36,42,36,42
353,00000000000000000000000000000009,36,42,37,42
354,00000000000000000000000000000300,29,34,29,32
355,00000000000000000000000000003000,30,34,28,32
356,00000000000000000000000000240000,31,29,35,37
357,00000000000000000000000000420000,31,29,36,37
358,00000000000000000000000084000000,30,33,35,34
359,00000000000000000000000048000000,30,33,35,34
360,00000000000000000000009000000000,37,35,36,36
361,00000000000000000000000900000000,37,35,35,36
362,00000000000000000000030000000000,31,33,35,35
363,00000000000000000000300000000000,31,33,35,35
364,00000000000000000024000000000000,38,33,33,33
365,00000000000000000042000000000000,38,33,34,33
366,00000000000000008400000000000000,35,27,32,31
367,00000000000000004800000000000000,35,26,31,31
368,00000000000000900000000000000000,37,36,37,35
369,00000000000000090000000000000000,38,37,37,36
370,00000000000003000000000000000000,34,31,34,31
371,00000000000030000000000000000000,34,31,34,31
372,00000000002400000000000000000000,34,37,34,31
373,00000000004200000000000000000000,34,37,34,31
374,00000000840000000000000000000000,33,34,32,28
375,00000000480000000000000000000000,34,35,32,29
376,00000090000000000000000000000000,39,34,38,35
377,00000009000000000000000000000000,40,33,38,34
378,00000300000000000000000000000000,38,37,36,37
379,00003000000000000000000000000000,37,37,36,37
380,00240000000000000000000000000000,39,38,37,38
381,00420000000000000000000000000000,39,39,37,39
382,84000000000000000000000000000000,27,31,28,31
383,48000000000000000000000000000000,27,31,29,30
384,00000000000000000000000000000092,41,48,43,46
385,00000000000000000000000000000029,41,48,42,46
386,00000000000000000000000000000700,32,37,38,40
387,00000000000000000000000000007000,33,37,38,40
388,000000000000000000000000002c0000,41,40,45,47
389,00000000000000000000000000c20000,41,40,44,47
390,00000000000000000000000085000000,35,37,43,43
391,00000000000000000000000058000000,35,37,43,43
392,00000000000000000000009200000000,40,39,43,41
393,00000000000000000000002900000000,40,38,42,41
394,00000000000000000000070000000000,40,42,35,38
395,00000000000000000000700000000000,40,42,35,38
396,0000000000000000002c000000000000,46,40,40,41
397,000000000000000000c2000000000000,46,39,41,41
398,00000000000000008500000000000000,43,38,42,36
399,00000000000000005800000000000000,43,38,41,36
400,00000000000000920000000000000000,40,39,40,40
401,00000000000000290000000000000000,41,40,40,41
402,00000000000007000000000000000000,39,37,40,40
403,00000000000070000000000000000000,39,37,40,40
404,00000000002c00000000000000000000,43,39,41,39
405,0000000000c200000000000000000000,43,39,41,39
406,00000000850000000000000000000000,42,44,36,41
407,00000000580000000000000000000000,42,44,36,41
408,00000092000000000000000000000000,47,39,45,41
409,00000029000000000000000000000000,46,39,45,40
410,00000700000000000000000000000000,45,43,42,40
411,00007000000000000000000000000000,45,43,42,40
412,002c0000000000000000000000000000,41,47,41,40
413,00c20000000000000000000000000000,41,47,41,41
414,85000000000000000000000000000000,37,33,39,37
415,58000000000000000000000000000000,36,34,39,36
416,00000000000000000000000000000094,38,45,38,43
417,00000000000000000000000000000049,37,45,38,43
418,00000000000000000000000000008300,36,38,32,33
419,00000000000000000000000000003800,37,38,31,33
420,00000000000000000000000000340000,37,37,43,44
421,00000000000000000000000000430000,37,37,44,44
422,000000000000000000000000a4000000,37,42,42,38
423,0000000000000000000000004a000000,36,42,42,38
424,00000000000000000000009400000000,38,38,39,38
425,00000000000000000000004900000000,38,38,39,37
426,00000000000000000000830000000000,32,36,38,42
427,00000000000000000000380000000000,32,36,38,42
428,00000000000000000034000000000000,42,38,36,38
429,00000000000000000043000000000000,42,38,36,38
430,0000000000000000a400000000000000,43,37,34,39
431,00000000000000004a00000000000000,43,37,35,38
432,00000000000000940000000000000000,38,35,40,40
433,00000000000000490000000000000000,39,36,40,41
434,00000000000083000000000000000000,36,32,36,32
435,00000000000038000000000000000000,36,32,36,32
436,00000000003400000000000000000000,38,38,40,37
437,00000000004300000000000000000000,38,38,40,37
438,00000000a40000000000000000000000,37,39,41,37
439,000000004a0000000000000000000000,37,39,41,37
440,00000094000000000000000000000000,43,38,41,38
441,00000049000000000000000000000000,43,38,41,38
442,00008300000000000000000000000000,39,41,38,38
443,00003800000000000000000000000000,38,41,38,38
444,00340000000000000000000000000000,40,45,37,39
445,00430000000000000000000000000000,40,44,37,39
446,a4000000000000000000000000000000,39,36,38,37
447,4a000000000000000000000000000000,40,37,38,38
448,00000000000000000000000000000096,41,45,40,43
449,00000000000000000000000000000069,40,45,39,43
450,00000000000000000000000000008700,42,42,41,43
451,00000000000000000000000000007800,43,42,40,43
452,000000000000000000000000003c0000,41,37,41,43
453,00000000000000000000000000c30000,41,37,42,43
454,000000000000000000000000a5000000,41,45,44,41
455,0000000000000000000000005a000000,41,45,44,41
456,00000000000000000000009600000000,37,39,42,41
457,00000000000000000000006900000000,37,38,41,40
458,00000000000000000000870000000000,44,44,42,50
459,00000000000000000000780000000000,44,44,42,50
460,0000000000000000003c000000000000,42,38,36,41
461,000000000000000000c3000000000000,42,39,37,40
462,0000000000000000a500000000000000,45,40,41,44
463,00000000000000005a00000000000000,45,40,42,44
464,00000000000000960000000000000000,39,35,39,39
465,00000000000000690000000000000000,40,36,39,40
466,00000000000087000000000000000000,40,41,44,44
467,00000000000078000000000000000000,40,41,44,44
468,00000000003c00000000000000000000,39,38,41,36
469,0000000000c300000000000000000000,39,38,41,36
470,00000000a50000000000000000000000,40,44,43,44
471,000000005a0000000000000000000000,40,44,43,44
472,00000096000000000000000000000000,43,38,42,38
473,00000069000000000000000000000000,42,38,42,37
474,00008700000000000000000000000000,49,50,49,42
475,00007800000000000000000000000000,48,50,49,42
476,003c0000000000000000000000000000,40,45,40,39
477,00c30000000000000000000000000000,40,44,40,40
478,a5000000000000000000000000000000,44,42,43,41
479,5a000000000000000000000000000000,43,43,43,42
