,input_diff,round0,round1,round2,round3
0,0x00000000000000000000000000000002,46,52,43,46
1,0x00000000000000000000000000000020,45,51,43,46
2,0x00000000000000000000000000000400,45,46,45,47
3,0x00000000000000000000000000004000,44,46,45,48
4,0x00000000000000000000000000080000,45,45,46,47
5,0x00000000000000000000000000800000,45,44,46,47
6,0x00000000000000000000000001000000,44,48,46,43
7,0x00000000000000000000000010000000,44,48,46,44
8,0x00000000000000000000000200000000,44,46,44,44
9,0x00000000000000000000002000000000,44,46,43,45
10,0x00000000000000000000040000000000,46,45,46,52
11,0x00000000000000000000400000000000,46,45,45,52
12,0x00000000000000000008000000000000,47,46,48,45
13,0x00000000000000000080000000000000,46,46,49,45
14,0x00000000000000000100000000000000,50,44,46,45
15,0x00000000000000001000000000000000,50,45,46,45
16,0x00000000000000020000000000000000,45,50,43,46
17,0x00000000000000200000000000000000,45,51,44,46
18,0x00000000000004000000000000000000,44,45,45,47
19,0x00000000000040000000000000000000,44,44,45,47
20,0x00000000000800000000000000000000,46,50,45,44
21,0x00000000008000000000000000000000,46,51,45,45
22,0x00000000010000000000000000000000,43,45,45,46
23,0x00000000100000000000000000000000,44,45,44,46
24,0x00000002000000000000000000000000,45,49,45,44
25,0x00000020000000000000000000000000,46,50,44,44
26,0x00000400000000000000000000000000,44,47,45,48
27,0x00004000000000000000000000000000,44,47,45,48
28,0x00080000000000000000000000000000,43,44,43,44
29,0x00800000000000000000000000000000,42,43,42,43
30,0x01000000000000000000000000000000,50,44,50,44
31,0x10000000000000000000000000000000,50,44,50,43
32,0x00000000000000000000000000000004,44,45,45,52
33,0x00000000000000000000000000000040,43,45,44,52
34,0x00000000000000000000000000008000,44,48,51,43
35,0x00000000000000000000000000000800,43,49,51,42
36,0x00000000000000000000000000100000,52,46,45,45
37,0x00000000000000000000000000010000,52,47,45,45
38,0x00000000000000000000000020000000,46,51,45,44
39,0x00000000000000000000000002000000,46,51,45,45
40,0x00000000000000000000000400000000,45,43,44,45
41,0x00000000000000000000004000000000,45,43,43,45
42,0x00000000000000000000800000000000,51,44,45,46
43,0x00000000000000000000080000000000,50,44,46,46
44,0x00000000000000000010000000000000,45,44,46,42
45,0x00000000000000000001000000000000,46,44,46,42
46,0x00000000000000002000000000000000,44,45,45,44
47,0x00000000000000000200000000000000,44,46,45,44
48,0x00000000000000040000000000000000,45,47,44,50
49,0x00000000000000400000000000000000,45,46,45,50
50,0x00000000000080000000000000000000,45,51,44,45
51,0x00000000000008000000000000000000,45,50,44,44
52,0x00000000001000000000000000000000,46,47,50,47
53,0x00000000000100000000000000000000,46,47,51,46
54,0x00000000200000000000000000000000,43,49,47,45
55,0x00000000020000000000000000000000,44,49,46,45
56,0x00000004000000000000000000000000,44,46,45,46
57,0x00000040000000000000000000000000,45,46,46,46
58,0x00008000000000000000000000000000,47,45,48,48
59,0x00000800000000000000000000000000,47,45,48,48
60,0x00100000000000000000000000000000,47,44,46,43
61,0x00010000000000000000000000000000,48,45,47,44
62,0x20000000000000000000000000000000,46,49,45,44
63,0x02000000000000000000000000000000,46,49,45,43
64,0x00000000000000000000000000000006,58,60,63,70
65,0x00000000000000000000000000000060,57,60,62,69
66,0x00000000000000000000000000008400,55,47,56,60
67,0x00000000000000000000000000004800,55,47,56,59
68,0x00000000000000000000000000180000,56,53,52,50
69,0x00000000000000000000000000810000,55,54,52,50
70,0x00000000000000000000000021000000,64,64,65,56
71,0x00000000000000000000000012000000,64,64,65,57
72,0x00000000000000000000000600000000,61,67,52,57
73,0x00000000000000000000006000000000,60,67,51,58
74,0x00000000000000000000840000000000,57,58,48,56
75,0x00000000000000000000480000000000,58,58,47,56
76,0x00000000000000000018000000000000,63,45,51,47
77,0x00000000000000000081000000000000,63,45,51,47
78,0x00000000000000002100000000000000,67,58,57,62
79,0x00000000000000001200000000000000,67,58,57,62
80,0x00000000000000060000000000000000,57,58,54,57
81,0x00000000000000600000000000000000,57,57,55,57
82,0x00000000000084000000000000000000,46,59,57,65
83,0x00000000000048000000000000000000,46,58,57,64
84,0x00000000001800000000000000000000,50,60,62,59
85,0x00000000008100000000000000000000,50,61,63,60
86,0x00000000210000000000000000000000,52,56,69,52
87,0x00000000120000000000000000000000,53,56,68,52
88,0x00000006000000000000000000000000,56,54,61,63
89,0x00000060000000000000000000000000,57,53,60,63
90,0x00008400000000000000000000000000,51,53,55,51
91,0x00004800000000000000000000000000,51,54,55,52
92,0x00180000000000000000000000000000,60,57,61,58
93,0x00810000000000000000000000000000,60,58,61,58
94,0x21000000000000000000000000000000,58,67,59,63
95,0x12000000000000000000000000000000,58,67,59,62
96,0x00000000000000000000000000000080,46,46,46,45
97,0x00000000000000000000000000000008,45,46,47,45
98,0x00000000000000000000000000000100,51,47,48,44
99,0x00000000000000000000000000001000,52,47,48,45
100,0x00000000000000000000000000200000,43,47,45,45
101,0x00000000000000000000000000020000,43,48,45,45
102,0x00000000000000000000000004000000,44,45,44,49
103,0x00000000000000000000000040000000,44,45,44,48
104,0x00000000000000000000008000000000,46,47,43,45
105,0x00000000000000000000000800000000,46,47,42,46
106,0x00000000000000000000010000000000,46,46,45,44
107,0x00000000000000000000100000000000,45,46,46,44
108,0x00000000000000000020000000000000,45,48,44,45
109,0x00000000000000000002000000000000,44,48,44,45
110,0x00000000000000000400000000000000,44,44,46,51
111,0x00000000000000004000000000000000,44,45,46,51
112,0x00000000000000800000000000000000,44,48,44,45
113,0x00000000000000080000000000000000,44,48,45,45
114,0x00000000000001000000000000000000,46,43,49,44
115,0x00000000000010000000000000000000,46,44,49,45
116,0x00000000002000000000000000000000,46,51,44,44
117,0x00000000000200000000000000000000,46,52,44,45
118,0x00000000040000000000000000000000,45,45,45,45
119,0x00000000400000000000000000000000,44,45,46,45
120,0x00000080000000000000000000000000,47,48,47,48
121,0x00000008000000000000000000000000,47,49,46,48
122,0x00000100000000000000000000000000,49,44,52,46
123,0x00001000000000000000000000000000,48,44,52,46
124,0x00200000000000000000000000000000,44,51,44,45
125,0x00020000000000000000000000000000,43,50,43,44
126,0x04000000000000000000000000000000,45,48,45,46
127,0x40000000000000000000000000000000,45,48,45,45
128,0x00000000000000000000000000000082,62,66,60,58
129,0x00000000000000000000000000000028,61,65,59,58
130,0x00000000000000000000000000000500,68,63,60,70
131,0x00000000000000000000000000005000,68,64,61,70
132,0x00000000000000000000000000280000,61,61,61,58
133,0x00000000000000000000000000820000,60,60,61,58
134,0x00000000000000000000000005000000,61,72,69,65
135,0x00000000000000000000000050000000,61,72,69,66
136,0x00000000000000000000008200000000,58,54,55,56
137,0x00000000000000000000002800000000,59,54,56,57
138,0x00000000000000000000050000000000,61,70,59,70
139,0x00000000000000000000500000000000,62,70,60,70
140,0x00000000000000000028000000000000,59,65,58,63
141,0x00000000000000000082000000000000,58,65,59,63
142,0x00000000000000000500000000000000,67,58,65,70
143,0x00000000000000005000000000000000,67,57,65,70
144,0x00000000000000820000000000000000,52,56,60,59
145,0x00000000000000280000000000000000,52,57,61,59
146,0x00000000000005000000000000000000,62,64,73,61
147,0x00000000000050000000000000000000,62,64,73,61
148,0x00000000002800000000000000000000,62,52,57,63
149,0x00000000008200000000000000000000,63,52,57,62
150,0x00000000050000000000000000000000,70,72,64,63
151,0x00000000500000000000000000000000,71,72,64,63
152,0x00000082000000000000000000000000,60,56,63,58
153,0x00000028000000000000000000000000,61,56,63,58
154,0x00000500000000000000000000000000,75,73,74,64
155,0x00005000000000000000000000000000,75,73,74,64
156,0x00280000000000000000000000000000,52,61,55,54
157,0x00820000000000000000000000000000,53,62,54,53
158,0x05000000000000000000000000000000,64,58,61,60
159,0x50000000000000000000000000000000,64,58,61,60
160,0x00000000000000000000000000000084,47,54,57,61
161,0x00000000000000000000000000000048,46,55,56,61
162,0x00000000000000000000000000008100,55,52,52,56
163,0x00000000000000000000000000001800,56,52,52,57
164,0x00000000000000000000000000300000,63,63,63,58
165,0x00000000000000000000000000030000,63,62,63,59
166,0x00000000000000000000000024000000,64,61,64,54
167,0x00000000000000000000000042000000,64,61,64,53
168,0x00000000000000000000008400000000,57,52,54,50
169,0x00000000000000000000004800000000,58,52,53,51
170,0x00000000000000000000810000000000,48,57,55,54
171,0x00000000000000000000180000000000,48,57,54,54
172,0x00000000000000000030000000000000,67,58,56,56
173,0x00000000000000000003000000000000,67,58,57,56
174,0x00000000000000002400000000000000,62,64,56,63
175,0x00000000000000004200000000000000,62,65,56,63
176,0x00000000000000840000000000000000,56,51,45,62
177,0x00000000000000480000000000000000,56,50,46,62
178,0x00000000000081000000000000000000,55,47,61,45
179,0x00000000000018000000000000000000,55,48,62,46
180,0x00000000003000000000000000000000,56,58,64,65
181,0x00000000000300000000000000000000,56,58,64,65
182,0x00000000240000000000000000000000,55,56,62,62
183,0x00000000420000000000000000000000,56,56,61,62
184,0x00000084000000000000000000000000,50,54,49,59
185,0x00000048000000000000000000000000,51,55,50,59
186,0x00008100000000000000000000000000,64,57,59,54
187,0x00001800000000000000000000000000,63,58,59,54
188,0x00300000000000000000000000000000,57,62,60,58
189,0x00030000000000000000000000000000,57,63,60,58
190,0x24000000000000000000000000000000,63,62,64,56
191,0x42000000000000000000000000000000,63,62,64,55
192,0x00000000000000000000000000000086,62,66,67,69
193,0x00000000000000000000000000000068,61,65,66,69
194,0x00000000000000000000000000008500,65,60,68,67
195,0x00000000000000000000000000005800,64,61,68,68
196,0x00000000000000000000000000380000,68,70,66,65
197,0x00000000000000000000000000830000,68,71,66,65
198,0x00000000000000000000000025000000,67,73,71,64
199,0x00000000000000000000000052000000,67,73,71,63
200,0x00000000000000000000008600000000,67,68,66,64
201,0x00000000000000000000006800000000,66,68,65,65
202,0x00000000000000000000850000000000,72,68,68,66
203,0x00000000000000000000580000000000,71,68,69,66
204,0x00000000000000000038000000000000,68,60,60,61
205,0x00000000000000000083000000000000,68,60,60,61
206,0x00000000000000002500000000000000,74,66,65,67
207,0x00000000000000005200000000000000,74,67,65,67
208,0x00000000000000860000000000000000,62,58,57,64
209,0x00000000000000680000000000000000,62,59,58,64
210,0x00000000000085000000000000000000,71,69,70,71
211,0x00000000000058000000000000000000,71,68,70,71
212,0x00000000003800000000000000000000,59,62,68,69
213,0x00000000008300000000000000000000,59,63,68,68
214,0x00000000250000000000000000000000,62,72,71,75
215,0x00000000520000000000000000000000,63,72,70,75
216,0x00000086000000000000000000000000,60,60,71,70
217,0x00000068000000000000000000000000,61,61,70,70
218,0x00008500000000000000000000000000,71,67,73,65
219,0x00005800000000000000000000000000,72,66,73,65
220,0x00380000000000000000000000000000,65,69,67,62
221,0x00830000000000000000000000000000,65,69,67,62
222,0x25000000000000000000000000000000,69,69,65,68
223,0x52000000000000000000000000000000,69,69,65,69
224,0x00000000000000000000000000000010,52,44,44,43
225,0x00000000000000000000000000000001,52,44,43,43
226,0x00000000000000000000000000000200,45,48,44,44
227,0x00000000000000000000000000002000,44,47,44,43
228,0x00000000000000000000000000040000,44,43,43,47
229,0x00000000000000000000000000400000,44,44,43,47
230,0x00000000000000000000000080000000,47,50,44,46
231,0x00000000000000000000000008000000,47,50,44,46
232,0x00000000000000000000001000000000,45,43,51,45
233,0x00000000000000000000000100000000,45,43,50,45
234,0x00000000000000000000020000000000,45,45,45,46
235,0x00000000000000000000200000000000,44,45,44,46
236,0x00000000000000000004000000000000,45,45,45,48
237,0x00000000000000000040000000000000,46,45,45,48
238,0x00000000000000008000000000000000,43,44,47,43
239,0x00000000000000000800000000000000,43,43,47,43
240,0x00000000000000100000000000000000,47,45,50,44
241,0x00000000000000010000000000000000,47,44,51,44
242,0x00000000000002000000000000000000,46,52,45,43
243,0x00000000000020000000000000000000,46,53,45,42
244,0x00000000000400000000000000000000,47,44,44,47
245,0x00000000004000000000000000000000,47,44,44,46
246,0x00000000800000000000000000000000,45,45,46,51
247,0x00000000080000000000000000000000,46,45,47,51
248,0x00000010000000000000000000000000,47,46,49,45
249,0x00000001000000000000000000000000,47,46,49,45
250,0x00000200000000000000000000000000,43,48,44,46
251,0x00002000000000000000000000000000,43,48,44,46
252,0x00040000000000000000000000000000,43,43,44,45
253,0x00400000000000000000000000000000,44,44,45,46
254,0x80000000000000000000000000000000,45,51,45,42
255,0x08000000000000000000000000000000,45,51,45,42
256,0x00000000000000000000000000000012,60,68,54,65
257,0x00000000000000000000000000000021,59,68,53,65
258,0x00000000000000000000000000000600,54,56,62,57
259,0x00000000000000000000000000006000,53,56,62,58
260,0x000000000000000000000000000c0000,61,55,63,70
261,0x00000000000000000000000000c00000,61,54,63,69
262,0x00000000000000000000000081000000,52,54,56,50
263,0x00000000000000000000000018000000,52,54,56,51
264,0x00000000000000000000001200000000,55,58,66,61
265,0x00000000000000000000002100000000,55,58,65,60
266,0x00000000000000000000060000000000,65,57,57,63
267,0x00000000000000000000600000000000,65,57,56,64
268,0x0000000000000000000c000000000000,68,63,63,68
269,0x000000000000000000c0000000000000,68,63,63,68
270,0x00000000000000008100000000000000,62,58,55,56
271,0x00000000000000001800000000000000,62,59,55,56
272,0x00000000000000120000000000000000,63,62,57,61
273,0x00000000000000210000000000000000,63,61,58,61
274,0x00000000000006000000000000000000,55,65,55,68
275,0x00000000000060000000000000000000,55,64,55,69
276,0x00000000000c00000000000000000000,65,63,64,61
277,0x0000000000c000000000000000000000,65,62,64,62
278,0x00000000810000000000000000000000,52,57,49,57
279,0x00000000180000000000000000000000,53,57,49,57
280,0x00000012000000000000000000000000,65,63,65,57
281,0x00000021000000000000000000000000,65,64,65,57
282,0x00000600000000000000000000000000,57,63,59,55
283,0x00006000000000000000000000000000,57,63,59,55
284,0x000c0000000000000000000000000000,65,68,67,63
285,0x00c00000000000000000000000000000,66,69,67,63
286,0x81000000000000000000000000000000,59,45,60,48
287,0x18000000000000000000000000000000,58,45,60,47
288,0x00000000000000000000000000000014,65,72,59,66
289,0x00000000000000000000000000000041,64,71,60,66
290,0x00000000000000000000000000008200,55,58,66,52
291,0x00000000000000000000000000002800,55,59,66,53
292,0x00000000000000000000000000140000,62,61,64,64
293,0x00000000000000000000000000410000,62,60,64,64
294,0x000000000000000000000000a0000000,71,71,71,65
295,0x0000000000000000000000000a000000,71,71,71,65
296,0x00000000000000000000001400000000,64,59,64,62
297,0x00000000000000000000004100000000,64,59,63,61
298,0x00000000000000000000820000000000,61,60,61,56
299,0x00000000000000000000280000000000,61,60,60,57
300,0x00000000000000000014000000000000,60,66,65,68
301,0x00000000000000000041000000000000,61,66,65,68
302,0x0000000000000000a000000000000000,71,71,70,68
303,0x00000000000000000a00000000000000,71,71,70,68
304,0x00000000000000140000000000000000,62,58,64,67
305,0x00000000000000410000000000000000,62,57,65,67
306,0x00000000000082000000000000000000,63,64,53,56
307,0x00000000000028000000000000000000,63,65,53,57
308,0x00000000001400000000000000000000,65,50,62,56
309,0x00000000004100000000000000000000,65,50,62,57
310,0x00000000a00000000000000000000000,65,68,68,70
311,0x000000000a0000000000000000000000,66,68,69,70
312,0x00000014000000000000000000000000,64,63,61,56
313,0x00000041000000000000000000000000,65,63,62,56
314,0x00008200000000000000000000000000,60,59,60,64
315,0x00002800000000000000000000000000,61,59,60,63
316,0x00140000000000000000000000000000,61,63,58,61
317,0x00410000000000000000000000000000,62,64,59,62
318,0xa0000000000000000000000000000000,67,64,66,65
319,0x0a000000000000000000000000000000,67,64,66,66
320,0x00000000000000000000000000000016,67,77,66,73
321,0x00000000000000000000000000000061,66,77,65,73
322,0x00000000000000000000000000008600,63,58,67,64
323,0x00000000000000000000000000006800,62,58,67,63
324,0x000000000000000000000000001c0000,66,57,70,68
325,0x00000000000000000000000000c10000,67,56,70,68
326,0x000000000000000000000000a1000000,67,71,73,62
327,0x0000000000000000000000001a000000,67,71,73,61
328,0x00000000000000000000001600000000,64,69,69,65
329,0x00000000000000000000006100000000,65,69,70,65
330,0x00000000000000000000860000000000,70,66,58,71
331,0x00000000000000000000680000000000,69,66,57,71
332,0x0000000000000000001c000000000000,69,66,65,68
333,0x000000000000000000c1000000000000,69,66,64,68
334,0x0000000000000000a100000000000000,68,68,63,71
335,0x00000000000000001a00000000000000,68,68,63,71
336,0x00000000000000160000000000000000,70,66,65,74
337,0x00000000000000610000000000000000,70,66,66,74
338,0x00000000000086000000000000000000,61,70,63,68
339,0x00000000000068000000000000000000,61,69,63,69
340,0x00000000001c00000000000000000000,65,66,71,66
341,0x0000000000c100000000000000000000,65,66,72,65
342,0x00000000a10000000000000000000000,63,65,65,62
343,0x000000001a0000000000000000000000,64,65,66,62
344,0x00000016000000000000000000000000,71,69,70,70
345,0x00000061000000000000000000000000,72,69,71,70
346,0x00008600000000000000000000000000,65,71,66,59
347,0x00006800000000000000000000000000,66,71,67,59
348,0x001c0000000000000000000000000000,65,69,69,68
349,0x00c10000000000000000000000000000,66,70,69,68
350,0xa1000000000000000000000000000000,64,65,65,62
351,0x1a000000000000000000000000000000,64,65,65,61
352,0x00000000000000000000000000000090,65,73,63,70
353,0x00000000000000000000000000000009,64,72,63,70
354,0x00000000000000000000000000000300,54,60,58,52
355,0x00000000000000000000000000003000,55,59,58,53
356,0x00000000000000000000000000240000,51,57,62,63
357,0x00000000000000000000000000420000,51,57,62,63
358,0x00000000000000000000000084000000,53,61,59,61
359,0x00000000000000000000000048000000,53,61,59,60
360,0x00000000000000000000009000000000,64,66,65,62
361,0x00000000000000000000000900000000,64,66,64,61
362,0x00000000000000000000030000000000,55,54,65,61
363,0x00000000000000000000300000000000,56,54,64,61
364,0x00000000000000000024000000000000,67,58,62,59
365,0x00000000000000000042000000000000,67,59,62,59
366,0x00000000000000008400000000000000,55,47,55,55
367,0x00000000000000004800000000000000,55,48,55,55
368,0x00000000000000900000000000000000,62,58,65,60
369,0x00000000000000090000000000000000,62,57,64,60
370,0x00000000000003000000000000000000,64,54,56,57
371,0x00000000000030000000000000000000,64,55,56,58
372,0x00000000002400000000000000000000,60,64,58,53
373,0x00000000004200000000000000000000,60,63,58,54
374,0x00000000840000000000000000000000,59,57,54,48
375,0x00000000480000000000000000000000,58,57,55,48
376,0x00000090000000000000000000000000,69,62,67,64
377,0x00000009000000000000000000000000,70,63,67,64
378,0x00000300000000000000000000000000,66,64,62,61
379,0x00003000000000000000000000000000,65,63,63,62
380,0x00240000000000000000000000000000,66,65,68,64
381,0x00420000000000000000000000000000,67,66,68,64
382,0x84000000000000000000000000000000,47,52,47,52
383,0x48000000000000000000000000000000,47,52,47,51
384,0x00000000000000000000000000000092,70,78,73,79
385,0x00000000000000000000000000000029,69,77,72,79
386,0x00000000000000000000000000000700,65,67,68,67
387,0x00000000000000000000000000007000,64,66,68,68
388,0x000000000000000000000000002c0000,73,73,74,76
389,0x00000000000000000000000000c20000,73,73,74,76
390,0x00000000000000000000000085000000,68,69,73,71
391,0x00000000000000000000000058000000,68,69,73,72
392,0x00000000000000000000009200000000,68,66,72,72
393,0x00000000000000000000002900000000,68,66,71,72
394,0x00000000000000000000070000000000,68,64,66,66
395,0x00000000000000000000700000000000,69,64,66,66
396,0x0000000000000000002c000000000000,73,72,70,74
397,0x000000000000000000c2000000000000,73,72,70,74
398,0x00000000000000008500000000000000,69,65,77,64
399,0x00000000000000005800000000000000,69,66,77,64
400,0x00000000000000920000000000000000,70,67,69,70
401,0x00000000000000290000000000000000,70,68,70,71
402,0x00000000000007000000000000000000,72,72,68,68
403,0x00000000000070000000000000000000,72,72,68,68
404,0x00000000002c00000000000000000000,68,65,68,69
405,0x0000000000c200000000000000000000,68,65,68,69
406,0x00000000850000000000000000000000,71,72,65,73
407,0x00000000580000000000000000000000,70,72,65,73
408,0x00000092000000000000000000000000,75,74,72,69
409,0x00000029000000000000000000000000,76,74,73,69
410,0x00000700000000000000000000000000,76,69,70,69
411,0x00007000000000000000000000000000,76,68,70,69
412,0x002c0000000000000000000000000000,69,75,75,70
413,0x00c20000000000000000000000000000,70,76,75,70
414,0x85000000000000000000000000000000,71,65,69,72
415,0x58000000000000000000000000000000,72,65,69,71
416,0x00000000000000000000000000000094,67,78,66,72
417,0x00000000000000000000000000000049,66,78,65,72
418,0x00000000000000000000000000008300,67,67,58,63
419,0x00000000000000000000000000003800,68,67,59,64
420,0x00000000000000000000000000340000,66,67,72,72
421,0x00000000000000000000000000430000,67,67,72,72
422,0x000000000000000000000000a4000000,68,73,72,60
423,0x0000000000000000000000004a000000,68,73,72,61
424,0x00000000000000000000009400000000,64,66,64,64
425,0x00000000000000000000004900000000,65,66,65,64
426,0x00000000000000000000830000000000,58,66,69,68
427,0x00000000000000000000380000000000,57,66,68,68
428,0x00000000000000000034000000000000,71,65,64,68
429,0x00000000000000000043000000000000,71,65,65,68
430,0x0000000000000000a400000000000000,71,65,60,69
431,0x00000000000000004a00000000000000,71,66,61,70
432,0x00000000000000940000000000000000,68,64,65,72
433,0x00000000000000490000000000000000,68,64,66,72
434,0x00000000000083000000000000000000,65,58,69,58
435,0x00000000000038000000000000000000,65,59,69,58
436,0x00000000003400000000000000000000,65,64,69,65
437,0x00000000004300000000000000000000,65,65,70,65
438,0x00000000a40000000000000000000000,66,65,70,62
439,0x000000004a0000000000000000000000,67,65,71,62
440,0x00000094000000000000000000000000,71,68,70,70
441,0x00000049000000000000000000000000,70,68,71,70
442,0x00008300000000000000000000000000,70,61,74,67
443,0x00003800000000000000000000000000,70,61,73,67
444,0x00340000000000000000000000000000,66,69,69,71
445,0x00430000000000000000000000000000,66,70,69,71
446,0xa4000000000000000000000000000000,64,63,65,60
447,0x4a000000000000000000000000000000,64,63,65,59
448,0x00000000000000000000000000000096,70,76,69,74
449,0x00000000000000000000000000000069,69,76,68,74
450,0x00000000000000000000000000008700,74,71,71,74
451,0x00000000000000000000000000007800,75,72,71,75
452,0x000000000000000000000000003c0000,71,72,72,72
453,0x00000000000000000000000000c30000,71,73,72,72
454,0x000000000000000000000000a5000000,71,75,74,66
455,0x0000000000000000000000005a000000,71,75,74,66
456,0x00000000000000000000009600000000,69,69,74,63
457,0x00000000000000000000006900000000,69,69,73,62
458,0x00000000000000000000870000000000,74,76,73,80
459,0x00000000000000000000780000000000,73,76,73,80
460,0x0000000000000000003c000000000000,69,67,65,71
461,0x000000000000000000c3000000000000,69,67,65,71
462,0x0000000000000000a500000000000000,73,70,67,72
463,0x00000000000000005a00000000000000,73,71,67,72
464,0x00000000000000960000000000000000,69,67,65,69
465,0x00000000000000690000000000000000,69,67,65,69
466,0x00000000000087000000000000000000,73,73,76,72
467,0x00000000000078000000000000000000,73,73,76,73
468,0x00000000003c00000000000000000000,65,66,71,64
469,0x0000000000c300000000000000000000,65,66,71,63
470,0x00000000a50000000000000000000000,64,70,71,75
471,0x000000005a0000000000000000000000,65,70,70,75
472,0x00000096000000000000000000000000,70,67,71,66
473,0x00000069000000000000000000000000,71,68,72,66
474,0x00008700000000000000000000000000,80,80,80,74
475,0x00007800000000000000000000000000,80,80,80,74
476,0x003c0000000000000000000000000000,69,72,70,72
477,0x00c30000000000000000000000000000,70,73,70,72
478,0xa5000000000000000000000000000000,72,72,70,76
479,0x5a000000000000000000000000000000,72,72,70,76
