,input_diff,round0,round1,round2,round3
0,0x00000000000000000000000000000002,29,28,28,29
1,0x00000000000000000000000000000020,29,28,29,29
2,0x00000000000000000000000000000400,30,28,28,28
3,0x00000000000000000000000000004000,29,29,29,29
4,0x00000000000000000000000000080000,29,29,30,28
5,0x00000000000000000000000000800000,28,29,30,29
6,0x00000000000000000000000001000000,29,29,29,29
7,0x00000000000000000000000010000000,29,29,28,29
8,0x00000000000000000000000200000000,29,28,28,27
9,0x00000000000000000000002000000000,29,28,27,28
10,0x00000000000000000000040000000000,29,29,29,29
11,0x00000000000000000000400000000000,29,29,29,28
12,0x00000000000000000008000000000000,30,29,28,30
13,0x00000000000000000080000000000000,29,28,29,30
14,0x00000000000000000100000000000000,29,28,28,28
15,0x00000000000000001000000000000000,29,29,28,28
16,0x00000000000000020000000000000000,27,29,29,29
17,0x00000000000000200000000000000000,28,29,29,29
18,0x00000000000004000000000000000000,28,28,30,29
19,0x00000000000040000000000000000000,28,28,30,28
20,0x00000000000800000000000000000000,30,28,29,29
21,0x00000000008000000000000000000000,30,27,28,29
22,0x00000000010000000000000000000000,30,28,28,29
23,0x00000000100000000000000000000000,30,28,28,28
24,0x00000002000000000000000000000000,29,29,29,30
25,0x00000020000000000000000000000000,29,29,29,29
26,0x00000400000000000000000000000000,29,29,28,28
27,0x00004000000000000000000000000000,29,29,29,28
28,0x00080000000000000000000000000000,29,27,27,27
29,0x00800000000000000000000000000000,29,27,28,28
30,0x01000000000000000000000000000000,28,29,28,28
31,0x10000000000000000000000000000000,29,29,28,29
32,0x00000000000000000000000000000004,29,31,27,30
33,0x00000000000000000000000000000040,29,31,28,30
34,0x00000000000000000000000000008000,29,29,27,27
35,0x00000000000000000000000000000800,29,30,28,28
36,0x00000000000000000000000000100000,28,28,29,27
37,0x00000000000000000000000000010000,27,28,29,28
38,0x00000000000000000000000020000000,28,28,28,30
39,0x00000000000000000000000002000000,28,28,27,30
40,0x00000000000000000000000400000000,30,30,29,30
41,0x00000000000000000000004000000000,30,30,29,30
42,0x00000000000000000000800000000000,29,30,30,28
43,0x00000000000000000000080000000000,29,30,30,27
44,0x00000000000000000010000000000000,29,28,30,29
45,0x00000000000000000001000000000000,30,27,29,29
46,0x00000000000000002000000000000000,28,27,30,30
47,0x00000000000000000200000000000000,28,28,30,30
48,0x00000000000000040000000000000000,28,28,28,28
49,0x00000000000000400000000000000000,29,28,28,28
50,0x00000000000080000000000000000000,29,27,29,29
51,0x00000000000008000000000000000000,29,27,29,30
52,0x00000000001000000000000000000000,29,29,28,30
53,0x00000000000100000000000000000000,29,29,27,30
54,0x00000000200000000000000000000000,29,29,27,28
55,0x00000000020000000000000000000000,29,30,27,27
56,0x00000004000000000000000000000000,30,28,31,29
57,0x00000040000000000000000000000000,30,28,31,28
58,0x00008000000000000000000000000000,29,28,29,30
59,0x00000800000000000000000000000000,29,28,30,30
60,0x00100000000000000000000000000000,29,30,30,30
61,0x00010000000000000000000000000000,29,30,30,30
62,0x20000000000000000000000000000000,27,29,30,27
63,0x02000000000000000000000000000000,28,29,30,28
64,0x00000000000000000000000000000006,30,29,28,30
65,0x00000000000000000000000000000060,30,29,29,30
66,0x00000000000000000000000000008400,30,28,30,28
67,0x00000000000000000000000000004800,29,29,29,29
68,0x00000000000000000000000000180000,29,30,30,29
69,0x00000000000000000000000000810000,28,30,30,30
70,0x00000000000000000000000021000000,30,29,29,29
71,0x00000000000000000000000012000000,30,29,28,29
72,0x00000000000000000000000600000000,29,29,28,30
73,0x00000000000000000000006000000000,29,29,29,29
74,0x00000000000000000000840000000000,30,29,29,30
75,0x00000000000000000000480000000000,30,29,29,29
76,0x00000000000000000018000000000000,30,29,29,30
77,0x00000000000000000081000000000000,31,28,30,30
78,0x00000000000000002100000000000000,29,29,30,29
79,0x00000000000000001200000000000000,29,29,30,29
80,0x00000000000000060000000000000000,29,29,29,30
81,0x00000000000000600000000000000000,30,29,29,30
82,0x00000000000084000000000000000000,30,29,30,29
83,0x00000000000048000000000000000000,30,29,30,28
84,0x00000000001800000000000000000000,31,29,30,30
85,0x00000000008100000000000000000000,31,28,29,30
86,0x00000000210000000000000000000000,31,28,28,29
87,0x00000000120000000000000000000000,30,29,29,28
88,0x00000006000000000000000000000000,31,30,29,30
89,0x00000060000000000000000000000000,31,30,29,29
90,0x00008400000000000000000000000000,30,29,28,29
91,0x00004800000000000000000000000000,30,30,29,29
92,0x00180000000000000000000000000000,30,29,30,30
93,0x00810000000000000000000000000000,30,29,29,29
94,0x21000000000000000000000000000000,28,30,29,29
95,0x12000000000000000000000000000000,29,30,29,30
96,0x00000000000000000000000000000080,29,28,28,29
97,0x00000000000000000000000000000008,29,28,29,29
98,0x00000000000000000000000000000100,30,28,28,28
99,0x00000000000000000000000000001000,29,29,29,29
100,0x00000000000000000000000000200000,29,29,30,28
101,0x00000000000000000000000000020000,28,29,30,29
102,0x00000000000000000000000004000000,29,29,29,29
103,0x00000000000000000000000040000000,29,29,28,29
104,0x00000000000000000000008000000000,29,28,28,27
105,0x00000000000000000000000800000000,29,28,27,28
106,0x00000000000000000000010000000000,29,29,29,29
107,0x00000000000000000000100000000000,29,29,29,28
108,0x00000000000000000020000000000000,30,29,28,30
109,0x00000000000000000002000000000000,29,28,29,30
110,0x00000000000000000400000000000000,29,28,28,28
111,0x00000000000000004000000000000000,29,29,28,28
112,0x00000000000000800000000000000000,27,29,29,29
113,0x00000000000000080000000000000000,28,29,29,29
114,0x00000000000001000000000000000000,28,28,30,29
115,0x00000000000010000000000000000000,28,28,30,28
116,0x00000000002000000000000000000000,30,28,29,29
117,0x00000000000200000000000000000000,30,27,28,29
118,0x00000000040000000000000000000000,30,28,28,29
119,0x00000000400000000000000000000000,30,28,28,28
120,0x00000080000000000000000000000000,29,29,29,30
121,0x00000008000000000000000000000000,29,29,29,29
122,0x00000100000000000000000000000000,29,29,28,28
123,0x00001000000000000000000000000000,29,29,29,28
124,0x00200000000000000000000000000000,29,27,27,27
125,0x00020000000000000000000000000000,29,27,28,28
126,0x04000000000000000000000000000000,28,29,28,28
127,0x40000000000000000000000000000000,29,29,28,29
128,0x00000000000000000000000000000082,30,32,28,31
129,0x00000000000000000000000000000028,30,32,29,31
130,0x00000000000000000000000000000500,30,30,28,28
131,0x00000000000000000000000000005000,30,31,29,29
132,0x00000000000000000000000000280000,29,29,30,28
133,0x00000000000000000000000000820000,28,29,30,29
134,0x00000000000000000000000005000000,29,29,29,31
135,0x00000000000000000000000050000000,29,29,28,31
136,0x00000000000000000000008200000000,31,31,30,31
137,0x00000000000000000000002800000000,31,31,30,31
138,0x00000000000000000000050000000000,30,31,31,29
139,0x00000000000000000000500000000000,30,31,31,28
140,0x00000000000000000028000000000000,30,29,29,30
141,0x00000000000000000082000000000000,31,28,30,30
142,0x00000000000000000500000000000000,29,28,31,31
143,0x00000000000000005000000000000000,29,29,31,31
144,0x00000000000000820000000000000000,29,29,29,29
145,0x00000000000000280000000000000000,30,29,29,29
146,0x00000000000005000000000000000000,30,28,30,30
147,0x00000000000050000000000000000000,30,28,30,31
148,0x00000000002800000000000000000000,30,30,29,30
149,0x00000000008200000000000000000000,30,30,28,30
150,0x00000000050000000000000000000000,30,30,28,29
151,0x00000000500000000000000000000000,30,31,28,28
152,0x00000082000000000000000000000000,31,29,32,30
153,0x00000028000000000000000000000000,31,29,32,29
154,0x00000500000000000000000000000000,30,29,30,31
155,0x00005000000000000000000000000000,30,29,31,31
156,0x00280000000000000000000000000000,30,31,31,31
157,0x00820000000000000000000000000000,30,31,31,31
158,0x05000000000000000000000000000000,28,30,31,28
159,0x50000000000000000000000000000000,29,30,31,29
160,0x00000000000000000000000000000084,30,30,28,30
161,0x00000000000000000000000000000048,30,30,29,30
162,0x00000000000000000000000000008100,30,29,28,28
163,0x00000000000000000000000000001800,29,30,29,29
164,0x00000000000000000000000000300000,29,29,30,28
165,0x00000000000000000000000000030000,29,29,30,29
166,0x00000000000000000000000024000000,29,29,30,29
167,0x00000000000000000000000042000000,29,29,29,29
168,0x00000000000000000000008400000000,29,29,28,30
169,0x00000000000000000000004800000000,29,29,29,29
170,0x00000000000000000000810000000000,30,29,29,29
171,0x00000000000000000000180000000000,30,29,29,28
172,0x00000000000000000030000000000000,29,29,29,30
173,0x00000000000000000003000000000000,30,28,30,30
174,0x00000000000000002400000000000000,29,28,30,29
175,0x00000000000000004200000000000000,29,29,30,29
176,0x00000000000000840000000000000000,29,29,30,29
177,0x00000000000000480000000000000000,30,29,30,29
178,0x00000000000081000000000000000000,30,28,30,29
179,0x00000000000018000000000000000000,30,28,30,28
180,0x00000000003000000000000000000000,30,29,29,30
181,0x00000000000300000000000000000000,30,28,28,30
182,0x00000000240000000000000000000000,30,28,29,29
183,0x00000000420000000000000000000000,30,29,28,28
184,0x00000084000000000000000000000000,31,29,29,30
185,0x00000048000000000000000000000000,31,29,29,29
186,0x00008100000000000000000000000000,30,30,29,29
187,0x00001800000000000000000000000000,30,29,30,29
188,0x00300000000000000000000000000000,30,29,28,28
189,0x00030000000000000000000000000000,30,29,29,29
190,0x24000000000000000000000000000000,30,30,29,28
191,0x42000000000000000000000000000000,29,30,29,29
192,0x00000000000000000000000000000086,34,30,32,32
193,0x00000000000000000000000000000068,34,30,32,32
194,0x00000000000000000000000000008500,35,29,32,36
195,0x00000000000000000000000000005800,34,30,33,36
196,0x00000000000000000000000000380000,35,33,35,34
197,0x00000000000000000000000000830000,35,33,35,33
198,0x00000000000000000000000025000000,36,35,36,38
199,0x00000000000000000000000052000000,36,36,36,38
200,0x00000000000000000000008600000000,35,29,33,32
201,0x00000000000000000000006800000000,35,29,33,32
202,0x00000000000000000000850000000000,33,35,35,30
203,0x00000000000000000000580000000000,33,35,35,29
204,0x00000000000000000038000000000000,30,36,34,35
205,0x00000000000000000083000000000000,31,35,33,35
206,0x00000000000000002500000000000000,36,36,32,36
207,0x00000000000000005200000000000000,36,37,32,36
208,0x00000000000000860000000000000000,29,36,34,37
209,0x00000000000000680000000000000000,30,36,34,37
210,0x00000000000085000000000000000000,37,32,35,35
211,0x00000000000058000000000000000000,37,32,35,34
212,0x00000000003800000000000000000000,33,34,33,34
213,0x00000000008300000000000000000000,33,33,33,34
214,0x00000000250000000000000000000000,37,37,40,34
215,0x00000000520000000000000000000000,38,38,40,34
216,0x00000086000000000000000000000000,32,35,33,35
217,0x00000068000000000000000000000000,32,35,33,34
218,0x00008500000000000000000000000000,31,34,29,33
219,0x00005800000000000000000000000000,31,34,30,33
220,0x00380000000000000000000000000000,37,32,29,29
221,0x00830000000000000000000000000000,37,32,30,30
222,0x25000000000000000000000000000000,34,36,36,35
223,0x52000000000000000000000000000000,34,36,36,35
224,0x00000000000000000000000000000010,30,30,28,31
225,0x00000000000000000000000000000001,30,30,29,31
226,0x00000000000000000000000000000200,30,29,28,28
227,0x00000000000000000000000000002000,30,30,29,29
228,0x00000000000000000000000000040000,29,29,30,28
229,0x00000000000000000000000000400000,28,29,30,29
230,0x00000000000000000000000080000000,29,29,29,31
231,0x00000000000000000000000008000000,29,29,28,31
232,0x00000000000000000000001000000000,31,31,30,31
233,0x00000000000000000000000100000000,31,31,30,31
234,0x00000000000000000000020000000000,30,31,31,29
235,0x00000000000000000000200000000000,30,31,31,28
236,0x00000000000000000004000000000000,30,29,31,30
237,0x00000000000000000040000000000000,31,28,30,30
238,0x00000000000000008000000000000000,29,28,31,31
239,0x00000000000000000800000000000000,29,29,31,31
240,0x00000000000000100000000000000000,29,29,29,29
241,0x00000000000000010000000000000000,30,29,29,29
242,0x00000000000002000000000000000000,30,28,30,30
243,0x00000000000020000000000000000000,30,28,30,31
244,0x00000000000400000000000000000000,30,30,29,31
245,0x00000000004000000000000000000000,30,30,28,31
246,0x00000000800000000000000000000000,30,30,28,29
247,0x00000000080000000000000000000000,30,31,28,28
248,0x00000010000000000000000000000000,31,29,32,30
249,0x00000001000000000000000000000000,31,29,32,29
250,0x00000200000000000000000000000000,30,29,29,31
251,0x00002000000000000000000000000000,30,29,30,31
252,0x00040000000000000000000000000000,30,31,29,29
253,0x00400000000000000000000000000000,30,31,30,30
254,0x80000000000000000000000000000000,28,30,31,28
255,0x08000000000000000000000000000000,29,30,31,29
256,0x00000000000000000000000000000012,29,28,29,29
257,0x00000000000000000000000000000021,29,28,30,29
258,0x00000000000000000000000000000600,30,28,30,29
259,0x00000000000000000000000000006000,29,29,31,29
260,0x000000000000000000000000000c0000,29,31,31,30
261,0x00000000000000000000000000c00000,30,31,31,29
262,0x00000000000000000000000081000000,29,29,30,29
263,0x00000000000000000000000018000000,29,29,29,29
264,0x00000000000000000000001200000000,29,28,28,27
265,0x00000000000000000000002100000000,29,28,27,28
266,0x00000000000000000000060000000000,29,29,29,30
267,0x00000000000000000000600000000000,29,29,29,29
268,0x0000000000000000000c000000000000,30,30,28,31
269,0x000000000000000000c0000000000000,29,29,29,31
270,0x00000000000000008100000000000000,29,29,28,28
271,0x00000000000000001800000000000000,29,30,28,28
272,0x00000000000000120000000000000000,27,30,30,30
273,0x00000000000000210000000000000000,28,30,30,30
274,0x00000000000006000000000000000000,28,30,30,29
275,0x00000000000060000000000000000000,28,30,30,28
276,0x00000000000c00000000000000000000,30,28,30,29
277,0x0000000000c000000000000000000000,30,27,29,29
278,0x00000000810000000000000000000000,30,28,30,29
279,0x00000000180000000000000000000000,30,28,30,29
280,0x00000012000000000000000000000000,29,31,29,31
281,0x00000021000000000000000000000000,29,31,29,30
282,0x00000600000000000000000000000000,29,29,28,28
283,0x00006000000000000000000000000000,29,29,29,28
284,0x000c0000000000000000000000000000,29,27,27,27
285,0x00c00000000000000000000000000000,29,27,28,28
286,0x81000000000000000000000000000000,30,29,28,30
287,0x18000000000000000000000000000000,29,29,28,30
288,0x00000000000000000000000000000014,34,36,38,32
289,0x00000000000000000000000000000041,34,36,38,32
290,0x00000000000000000000000000008200,36,36,32,28
291,0x00000000000000000000000000002800,37,37,33,29
292,0x00000000000000000000000000140000,36,34,39,34
293,0x00000000000000000000000000410000,36,34,39,33
294,0x000000000000000000000000a0000000,43,46,37,39
295,0x0000000000000000000000000a000000,43,46,37,39
296,0x00000000000000000000001400000000,36,29,33,32
297,0x00000000000000000000004100000000,36,29,33,33
298,0x00000000000000000000820000000000,36,38,38,35
299,0x00000000000000000000280000000000,36,38,38,35
300,0x00000000000000000014000000000000,39,38,29,39
301,0x00000000000000000041000000000000,38,38,30,39
302,0x0000000000000000a000000000000000,36,37,40,37
303,0x00000000000000000a00000000000000,36,37,40,37
304,0x00000000000000140000000000000000,29,39,34,38
305,0x00000000000000410000000000000000,30,39,34,38
306,0x00000000000082000000000000000000,33,32,32,37
307,0x00000000000028000000000000000000,33,32,32,38
308,0x00000000001400000000000000000000,33,34,33,30
309,0x00000000004100000000000000000000,33,33,33,30
310,0x00000000a00000000000000000000000,42,38,44,39
311,0x000000000a0000000000000000000000,41,39,44,39
312,0x00000014000000000000000000000000,38,38,33,38
313,0x00000041000000000000000000000000,38,38,33,39
314,0x00008200000000000000000000000000,36,31,36,37
315,0x00002800000000000000000000000000,36,32,37,37
316,0x00140000000000000000000000000000,37,32,35,35
317,0x00410000000000000000000000000000,37,32,35,35
318,0xa0000000000000000000000000000000,34,36,37,37
319,0x0a000000000000000000000000000000,34,36,37,38
320,0x00000000000000000000000000000016,30,30,28,30
321,0x00000000000000000000000000000061,30,30,29,30
322,0x00000000000000000000000000008600,30,29,30,28
323,0x00000000000000000000000000006800,29,30,29,29
324,0x000000000000000000000000001c0000,29,30,30,29
325,0x00000000000000000000000000c10000,28,30,30,30
326,0x000000000000000000000000a1000000,30,29,29,29
327,0x0000000000000000000000001a000000,30,29,28,29
328,0x00000000000000000000001600000000,29,29,28,30
329,0x00000000000000000000006100000000,29,29,29,29
330,0x00000000000000000000860000000000,30,29,29,30
331,0x00000000000000000000680000000000,30,29,29,29
332,0x0000000000000000001c000000000000,30,29,29,30
333,0x000000000000000000c1000000000000,31,28,30,30
334,0x0000000000000000a100000000000000,29,29,30,29
335,0x00000000000000001a00000000000000,29,29,30,29
336,0x00000000000000160000000000000000,29,29,29,30
337,0x00000000000000610000000000000000,30,29,29,30
338,0x00000000000086000000000000000000,30,29,30,29
339,0x00000000000068000000000000000000,30,29,30,28
340,0x00000000001c00000000000000000000,31,29,30,30
341,0x0000000000c100000000000000000000,31,28,29,30
342,0x00000000a10000000000000000000000,31,28,28,29
343,0x000000001a0000000000000000000000,30,29,29,28
344,0x00000016000000000000000000000000,31,30,29,30
345,0x00000061000000000000000000000000,31,30,29,29
346,0x00008600000000000000000000000000,30,29,29,29
347,0x00006800000000000000000000000000,30,30,30,29
348,0x001c0000000000000000000000000000,30,29,30,30
349,0x00c10000000000000000000000000000,30,29,29,29
350,0xa1000000000000000000000000000000,28,30,29,29
351,0x1a000000000000000000000000000000,29,30,29,30
352,0x00000000000000000000000000000090,29,28,29,29
353,0x00000000000000000000000000000009,29,28,30,29
354,0x00000000000000000000000000000300,30,28,30,29
355,0x00000000000000000000000000003000,29,29,31,29
356,0x00000000000000000000000000240000,29,31,31,30
357,0x00000000000000000000000000420000,30,31,31,29
358,0x00000000000000000000000084000000,29,29,30,29
359,0x00000000000000000000000048000000,29,29,29,29
360,0x00000000000000000000009000000000,29,28,28,27
361,0x00000000000000000000000900000000,29,28,27,28
362,0x00000000000000000000030000000000,29,29,29,30
363,0x00000000000000000000300000000000,29,29,29,30
364,0x00000000000000000024000000000000,30,30,28,31
365,0x00000000000000000042000000000000,29,29,29,31
366,0x00000000000000008400000000000000,29,29,28,28
367,0x00000000000000004800000000000000,29,30,28,28
368,0x00000000000000900000000000000000,27,30,30,30
369,0x00000000000000090000000000000000,28,30,30,30
370,0x00000000000003000000000000000000,28,30,30,29
371,0x00000000000030000000000000000000,28,30,30,28
372,0x00000000002400000000000000000000,30,28,30,29
373,0x00000000004200000000000000000000,30,27,29,29
374,0x00000000840000000000000000000000,30,28,30,29
375,0x00000000480000000000000000000000,30,28,30,29
376,0x00000090000000000000000000000000,29,31,29,31
377,0x00000009000000000000000000000000,29,31,29,30
378,0x00000300000000000000000000000000,29,29,28,28
379,0x00003000000000000000000000000000,29,29,29,28
380,0x00240000000000000000000000000000,29,27,27,27
381,0x00420000000000000000000000000000,29,27,28,28
382,0x84000000000000000000000000000000,30,29,28,30
383,0x48000000000000000000000000000000,29,29,28,30
384,0x00000000000000000000000000000092,34,30,32,35
385,0x00000000000000000000000000000029,34,30,32,35
386,0x00000000000000000000000000000700,35,29,32,28
387,0x00000000000000000000000000007000,34,30,33,29
388,0x000000000000000000000000002c0000,35,33,35,35
389,0x00000000000000000000000000c20000,35,33,35,36
390,0x00000000000000000000000085000000,36,35,36,38
391,0x00000000000000000000000058000000,36,36,36,38
392,0x00000000000000000000009200000000,35,33,34,32
393,0x00000000000000000000002900000000,35,33,33,32
394,0x00000000000000000000070000000000,33,35,35,30
395,0x00000000000000000000700000000000,33,35,35,29
396,0x0000000000000000002c000000000000,30,36,29,35
397,0x000000000000000000c2000000000000,31,35,30,35
398,0x00000000000000008500000000000000,36,36,32,36
399,0x00000000000000005800000000000000,37,37,32,36
400,0x00000000000000920000000000000000,36,36,36,37
401,0x00000000000000290000000000000000,37,36,36,37
402,0x00000000000007000000000000000000,33,32,32,35
403,0x00000000000070000000000000000000,33,32,32,34
404,0x00000000002c00000000000000000000,33,34,36,30
405,0x0000000000c200000000000000000000,33,33,35,30
406,0x00000000850000000000000000000000,37,37,40,34
407,0x00000000580000000000000000000000,38,38,40,34
408,0x00000092000000000000000000000000,32,35,36,35
409,0x00000029000000000000000000000000,32,35,36,34
410,0x00000700000000000000000000000000,31,31,29,33
411,0x00007000000000000000000000000000,31,32,30,33
412,0x002c0000000000000000000000000000,37,32,29,29
413,0x00c20000000000000000000000000000,37,32,30,30
414,0x85000000000000000000000000000000,36,37,36,35
415,0x58000000000000000000000000000000,35,37,36,35
416,0x00000000000000000000000000000094,30,30,28,30
417,0x00000000000000000000000000000049,30,30,29,30
418,0x00000000000000000000000000008300,30,29,28,28
419,0x00000000000000000000000000003800,29,30,29,29
420,0x00000000000000000000000000340000,29,29,30,28
421,0x00000000000000000000000000430000,29,29,30,29
422,0x000000000000000000000000a4000000,29,29,30,29
423,0x0000000000000000000000004a000000,29,29,29,29
424,0x00000000000000000000009400000000,29,29,28,30
425,0x00000000000000000000004900000000,29,29,29,29
426,0x00000000000000000000830000000000,30,29,29,29
427,0x00000000000000000000380000000000,30,29,29,28
428,0x00000000000000000034000000000000,30,29,29,30
429,0x00000000000000000043000000000000,31,28,30,30
430,0x0000000000000000a400000000000000,29,28,30,29
431,0x00000000000000004a00000000000000,29,29,30,29
432,0x00000000000000940000000000000000,29,29,30,29
433,0x00000000000000490000000000000000,30,29,30,29
434,0x00000000000083000000000000000000,30,28,30,29
435,0x00000000000038000000000000000000,30,28,30,28
436,0x00000000003400000000000000000000,30,29,29,30
437,0x00000000004300000000000000000000,30,28,28,30
438,0x00000000a40000000000000000000000,30,28,29,29
439,0x000000004a0000000000000000000000,30,29,28,28
440,0x00000094000000000000000000000000,31,29,29,30
441,0x00000049000000000000000000000000,31,29,29,29
442,0x00008300000000000000000000000000,30,30,29,29
443,0x00003800000000000000000000000000,30,29,30,29
444,0x00340000000000000000000000000000,30,29,30,30
445,0x00430000000000000000000000000000,30,29,29,29
446,0xa4000000000000000000000000000000,30,30,29,28
447,0x4a000000000000000000000000000000,29,30,29,29
448,0x00000000000000000000000000000096,34,30,32,35
449,0x00000000000000000000000000000069,34,30,32,35
450,0x00000000000000000000000000008700,35,29,32,28
451,0x00000000000000000000000000007800,34,30,33,29
452,0x000000000000000000000000003c0000,35,33,35,35
453,0x00000000000000000000000000c30000,35,33,35,36
454,0x000000000000000000000000a5000000,36,35,36,38
455,0x0000000000000000000000005a000000,36,36,36,38
456,0x00000000000000000000009600000000,35,33,34,32
457,0x00000000000000000000006900000000,35,33,33,32
458,0x00000000000000000000870000000000,33,35,35,30
459,0x00000000000000000000780000000000,33,35,35,29
460,0x0000000000000000003c000000000000,30,36,29,35
461,0x000000000000000000c3000000000000,31,35,30,35
462,0x0000000000000000a500000000000000,36,36,32,36
463,0x00000000000000005a00000000000000,37,37,32,36
464,0x00000000000000960000000000000000,36,36,36,37
465,0x00000000000000690000000000000000,37,36,36,37
466,0x00000000000087000000000000000000,33,32,32,35
467,0x00000000000078000000000000000000,33,32,32,34
468,0x00000000003c00000000000000000000,33,34,36,30
469,0x0000000000c300000000000000000000,33,33,35,30
470,0x00000000a50000000000000000000000,37,37,40,34
471,0x000000005a0000000000000000000000,38,38,40,34
472,0x00000096000000000000000000000000,32,35,36,35
473,0x00000069000000000000000000000000,32,35,36,34
474,0x00008700000000000000000000000000,31,31,29,33
475,0x00007800000000000000000000000000,31,32,30,33
476,0x003c0000000000000000000000000000,37,32,29,29
477,0x00c30000000000000000000000000000,37,32,30,30
478,0xa5000000000000000000000000000000,36,37,36,35
479,0x5a000000000000000000000000000000,35,37,36,35
