,Input_diff,Round0,Round1,Round2,Round3
0,00000000000000000000000000000002,47,46,47,47
1,00000000000000000000000000000020,47,45,47,46
2,00000000000000000000000000000400,47,47,47,44
3,00000000000000000000000000004000,47,47,48,45
4,00000000000000000000000000080000,46,47,48,44
5,00000000000000000000000000800000,46,47,48,45
6,00000000000000000000000001000000,46,46,47,47
7,00000000000000000000000010000000,47,46,47,47
8,00000000000000000000000200000000,46,46,46,46
9,00000000000000000000002000000000,46,45,47,46
10,00000000000000000000040000000000,46,49,46,46
11,00000000000000000000400000000000,46,48,47,46
12,00000000000000000008000000000000,47,46,47,45
13,00000000000000000080000000000000,47,47,46,46
14,00000000000000000100000000000000,48,46,48,46
15,00000000000000001000000000000000,47,47,48,46
16,00000000000000020000000000000000,46,47,46,48
17,00000000000000200000000000000000,46,47,46,48
18,00000000000004000000000000000000,46,47,45,46
19,00000000000040000000000000000000,47,46,46,45
20,00000000000800000000000000000000,46,46,49,46
21,00000000008000000000000000000000,46,46,49,46
22,00000000010000000000000000000000,47,47,47,46
23,00000000100000000000000000000000,48,47,47,46
24,00000002000000000000000000000000,45,46,48,48
25,00000020000000000000000000000000,46,46,48,48
26,00000400000000000000000000000000,50,47,46,46
27,00004000000000000000000000000000,50,47,45,46
28,00080000000000000000000000000000,46,48,45,47
29,00800000000000000000000000000000,46,48,45,47
30,01000000000000000000000000000000,46,46,45,47
31,10000000000000000000000000000000,46,46,45,46
32,00000000000000000000000000000004,46,45,47,46
33,00000000000000000000000000000040,46,45,47,45
34,00000000000000000000000000008000,47,46,46,45
35,00000000000000000000000000000800,47,46,47,46
36,00000000000000000000000000100000,45,49,47,43
37,00000000000000000000000000010000,45,49,47,44
38,00000000000000000000000020000000,45,48,47,49
39,00000000000000000000000002000000,46,48,47,48
40,00000000000000000000000400000000,50,46,46,48
41,00000000000000000000004000000000,50,45,47,48
42,00000000000000000000800000000000,45,48,45,45
43,00000000000000000000080000000000,45,49,46,45
44,00000000000000000010000000000000,47,47,46,45
45,00000000000000000001000000000000,47,46,45,46
46,00000000000000002000000000000000,47,47,49,46
47,00000000000000000200000000000000,46,46,50,46
48,00000000000000040000000000000000,51,46,45,49
49,00000000000000400000000000000000,51,46,45,49
50,00000000000080000000000000000000,47,46,48,45
51,00000000000008000000000000000000,46,45,47,44
52,00000000001000000000000000000000,49,46,49,46
53,00000000000100000000000000000000,49,46,49,46
54,00000000200000000000000000000000,46,48,46,45
55,00000000020000000000000000000000,47,48,46,45
56,00000004000000000000000000000000,47,45,47,47
57,00000040000000000000000000000000,47,45,47,47
58,00008000000000000000000000000000,49,47,46,46
59,00000800000000000000000000000000,49,47,47,46
60,00100000000000000000000000000000,46,48,47,46
61,00010000000000000000000000000000,46,48,47,46
62,20000000000000000000000000000000,45,46,46,47
63,02000000000000000000000000000000,45,45,46,46
64,00000000000000000000000000000006,47,46,48,47
65,00000000000000000000000000000060,47,46,48,46
66,00000000000000000000000000008400,48,47,47,46
67,00000000000000000000000000004800,48,47,48,47
68,00000000000000000000000000180000,47,49,48,45
69,00000000000000000000000000810000,46,49,48,46
70,00000000000000000000000021000000,48,49,49,47
71,00000000000000000000000012000000,47,49,50,48
72,00000000000000000000000600000000,46,47,47,47
73,00000000000000000000006000000000,46,46,48,47
74,00000000000000000000840000000000,46,49,46,47
75,00000000000000000000480000000000,46,48,47,47
76,00000000000000000018000000000000,49,46,47,45
77,00000000000000000081000000000000,49,47,46,46
78,00000000000000002100000000000000,49,48,49,47
79,00000000000000001200000000000000,48,47,48,47
80,00000000000000060000000000000000,47,47,46,50
81,00000000000000600000000000000000,47,47,46,50
82,00000000000084000000000000000000,48,47,47,48
83,00000000000048000000000000000000,49,46,48,47
84,00000000001800000000000000000000,47,47,49,47
85,00000000008100000000000000000000,47,47,49,47
86,00000000210000000000000000000000,47,47,48,46
87,00000000120000000000000000000000,48,47,48,46
88,00000006000000000000000000000000,47,51,48,48
89,00000060000000000000000000000000,48,51,48,48
90,00008400000000000000000000000000,50,49,47,47
91,00004800000000000000000000000000,50,49,48,47
92,00180000000000000000000000000000,47,48,48,47
93,00810000000000000000000000000000,47,48,48,47
94,21000000000000000000000000000000,46,46,47,48
95,12000000000000000000000000000000,46,46,47,47
96,00000000000000000000000000000080,47,46,47,47
97,00000000000000000000000000000008,47,45,47,46
98,00000000000000000000000000000100,47,47,47,44
99,00000000000000000000000000001000,47,47,48,45
100,00000000000000000000000000200000,46,47,48,44
101,00000000000000000000000000020000,46,47,48,45
102,00000000000000000000000004000000,46,46,47,47
103,00000000000000000000000040000000,47,46,47,47
104,00000000000000000000008000000000,46,46,46,46
105,00000000000000000000000800000000,46,45,47,46
106,00000000000000000000010000000000,46,49,46,46
107,00000000000000000000100000000000,46,48,47,46
108,00000000000000000020000000000000,47,46,47,45
109,00000000000000000002000000000000,47,47,46,46
110,00000000000000000400000000000000,48,46,48,46
111,00000000000000004000000000000000,47,47,48,46
112,00000000000000800000000000000000,46,47,46,48
113,00000000000000080000000000000000,46,47,46,48
114,00000000000001000000000000000000,46,47,45,46
115,00000000000010000000000000000000,47,46,46,45
116,00000000002000000000000000000000,46,46,49,46
117,00000000000200000000000000000000,46,46,49,46
118,00000000040000000000000000000000,47,47,47,46
119,00000000400000000000000000000000,48,47,47,46
120,00000080000000000000000000000000,45,46,48,48
121,00000008000000000000000000000000,46,46,48,48
122,00000100000000000000000000000000,50,47,46,46
123,00001000000000000000000000000000,50,47,45,46
124,00200000000000000000000000000000,46,48,45,47
125,00020000000000000000000000000000,46,48,45,47
126,04000000000000000000000000000000,46,46,45,47
127,40000000000000000000000000000000,46,46,45,46
128,00000000000000000000000000000082,47,46,48,47
129,00000000000000000000000000000028,47,46,48,46
130,00000000000000000000000000000500,48,47,47,46
131,00000000000000000000000000005000,48,47,48,47
132,00000000000000000000000000280000,46,50,48,44
133,00000000000000000000000000820000,46,50,48,45
134,00000000000000000000000005000000,46,49,48,50
135,00000000000000000000000050000000,47,49,48,49
136,00000000000000000000008200000000,51,47,47,49
137,00000000000000000000002800000000,51,46,48,49
138,00000000000000000000050000000000,46,49,46,46
139,00000000000000000000500000000000,46,50,47,46
140,00000000000000000028000000000000,48,48,47,46
141,00000000000000000082000000000000,48,47,46,47
142,00000000000000000500000000000000,48,48,50,47
143,00000000000000005000000000000000,47,47,51,47
144,00000000000000820000000000000000,52,47,46,50
145,00000000000000280000000000000000,52,47,46,50
146,00000000000005000000000000000000,48,47,49,46
147,00000000000050000000000000000000,47,46,48,45
148,00000000002800000000000000000000,50,47,50,47
149,00000000008200000000000000000000,50,47,50,47
150,00000000050000000000000000000000,47,49,47,46
151,00000000500000000000000000000000,48,49,47,46
152,00000082000000000000000000000000,48,46,48,48
153,00000028000000000000000000000000,48,46,48,48
154,00000500000000000000000000000000,50,48,47,47
155,00005000000000000000000000000000,50,48,48,47
156,00280000000000000000000000000000,47,49,48,47
157,00820000000000000000000000000000,47,49,48,47
158,05000000000000000000000000000000,46,47,47,48
159,50000000000000000000000000000000,46,46,47,47
160,00000000000000000000000000000084,48,47,48,48
161,00000000000000000000000000000048,48,46,48,47
162,00000000000000000000000000008100,48,47,48,46
163,00000000000000000000000000001800,48,47,49,47
164,00000000000000000000000000300000,46,49,48,44
165,00000000000000000000000000030000,46,49,48,45
166,00000000000000000000000024000000,46,49,48,47
167,00000000000000000000000042000000,47,49,48,48
168,00000000000000000000008400000000,46,48,47,47
169,00000000000000000000004800000000,46,47,48,47
170,00000000000000000000810000000000,48,49,48,46
171,00000000000000000000180000000000,48,48,47,46
172,00000000000000000030000000000000,48,46,48,45
173,00000000000000000003000000000000,48,47,49,46
174,00000000000000002400000000000000,48,48,49,48
175,00000000000000004200000000000000,47,47,48,48
176,00000000000000840000000000000000,47,48,47,51
177,00000000000000480000000000000000,47,48,47,51
178,00000000000081000000000000000000,48,47,47,46
179,00000000000018000000000000000000,47,46,48,45
180,00000000003000000000000000000000,47,47,49,47
181,00000000000300000000000000000000,47,47,49,47
182,00000000240000000000000000000000,47,47,47,48
183,00000000420000000000000000000000,48,47,47,48
184,00000084000000000000000000000000,49,46,48,48
185,00000048000000000000000000000000,48,46,48,48
186,00008100000000000000000000000000,50,48,49,47
187,00001800000000000000000000000000,50,48,48,47
188,00300000000000000000000000000000,47,48,47,48
189,00030000000000000000000000000000,47,48,47,48
190,24000000000000000000000000000000,48,46,47,51
191,42000000000000000000000000000000,47,47,47,51
192,00000000000000000000000000000086,58,48,56,55
193,00000000000000000000000000000068,58,47,56,54
194,00000000000000000000000000008500,57,55,54,60
195,00000000000000000000000000005800,57,56,55,61
196,00000000000000000000000000380000,57,53,57,58
197,00000000000000000000000000830000,56,53,57,58
198,00000000000000000000000025000000,55,57,58,65
199,00000000000000000000000052000000,56,57,58,65
200,00000000000000000000008600000000,62,52,58,51
201,00000000000000000000006800000000,62,51,59,51
202,00000000000000000000850000000000,50,57,56,48
203,00000000000000000000580000000000,50,56,57,48
204,00000000000000000038000000000000,50,61,61,57
205,00000000000000000083000000000000,50,60,62,58
206,00000000000000002500000000000000,59,59,55,62
207,00000000000000005200000000000000,59,60,56,62
208,00000000000000860000000000000000,56,58,57,60
209,00000000000000680000000000000000,57,58,57,60
210,00000000000085000000000000000000,59,51,57,56
211,00000000000058000000000000000000,60,50,57,55
212,00000000003800000000000000000000,52,58,56,57
213,00000000008300000000000000000000,52,58,56,57
214,00000000250000000000000000000000,64,65,66,56
215,00000000520000000000000000000000,64,65,66,56
216,00000086000000000000000000000000,48,56,54,58
217,00000068000000000000000000000000,49,56,54,58
218,00008500000000000000000000000000,51,55,50,55
219,00005800000000000000000000000000,51,55,50,55
220,00380000000000000000000000000000,58,54,48,51
221,00830000000000000000000000000000,58,54,48,51
222,25000000000000000000000000000000,60,62,63,62
223,52000000000000000000000000000000,61,62,63,62
224,00000000000000000000000000000010,47,46,48,47
225,00000000000000000000000000000001,47,46,48,46
226,00000000000000000000000000000200,48,47,47,46
227,00000000000000000000000000002000,48,47,48,47
228,00000000000000000000000000040000,46,50,48,44
229,00000000000000000000000000400000,46,50,48,45
230,00000000000000000000000080000000,46,49,48,50
231,00000000000000000000000008000000,47,49,48,49
232,00000000000000000000001000000000,51,47,47,49
233,00000000000000000000000100000000,51,46,48,49
234,00000000000000000000020000000000,46,49,46,46
235,00000000000000000000200000000000,46,50,47,46
236,00000000000000000004000000000000,48,48,47,46
237,00000000000000000040000000000000,48,47,46,47
238,00000000000000008000000000000000,48,48,50,47
239,00000000000000000800000000000000,47,47,51,47
240,00000000000000100000000000000000,52,47,46,50
241,00000000000000010000000000000000,52,47,46,50
242,00000000000002000000000000000000,48,47,49,46
243,00000000000020000000000000000000,47,46,48,45
244,00000000000400000000000000000000,50,47,50,47
245,00000000004000000000000000000000,50,47,50,47
246,00000000800000000000000000000000,47,49,47,46
247,00000000080000000000000000000000,48,49,47,46
248,00000010000000000000000000000000,48,46,48,48
249,00000001000000000000000000000000,48,46,48,48
250,00000200000000000000000000000000,50,48,47,47
251,00002000000000000000000000000000,50,48,48,47
252,00040000000000000000000000000000,47,49,48,47
253,00400000000000000000000000000000,47,49,48,47
254,80000000000000000000000000000000,46,47,47,48
255,08000000000000000000000000000000,46,46,47,47
256,00000000000000000000000000000012,47,46,47,47
257,00000000000000000000000000000021,47,45,47,46
258,00000000000000000000000000000600,47,47,48,44
259,00000000000000000000000000006000,47,47,49,45
260,000000000000000000000000000c0000,46,47,48,48
261,00000000000000000000000000c00000,46,47,48,47
262,00000000000000000000000081000000,47,46,47,47
263,00000000000000000000000018000000,47,46,47,47
264,00000000000000000000001200000000,46,46,46,46
265,00000000000000000000002100000000,46,45,47,46
266,00000000000000000000060000000000,47,49,48,47
267,00000000000000000000600000000000,47,48,47,47
268,0000000000000000000c000000000000,47,46,47,45
269,000000000000000000c0000000000000,47,47,48,46
270,00000000000000008100000000000000,49,46,48,46
271,00000000000000001800000000000000,48,47,48,46
272,00000000000000120000000000000000,46,48,48,48
273,00000000000000210000000000000000,46,48,48,48
274,00000000000006000000000000000000,46,47,45,48
275,00000000000060000000000000000000,47,46,46,47
276,00000000000c00000000000000000000,46,46,49,46
277,0000000000c000000000000000000000,46,46,49,46
278,00000000810000000000000000000000,48,47,48,47
279,00000000180000000000000000000000,48,47,48,47
280,00000012000000000000000000000000,45,46,48,48
281,00000021000000000000000000000000,46,46,48,48
282,00000600000000000000000000000000,51,47,46,46
283,00006000000000000000000000000000,51,47,45,46
284,000c0000000000000000000000000000,46,48,45,49
285,00c00000000000000000000000000000,46,48,45,49
286,81000000000000000000000000000000,50,46,45,47
287,18000000000000000000000000000000,49,47,45,46
288,00000000000000000000000000000014,60,60,64,56
289,00000000000000000000000000000041,60,60,64,57
290,00000000000000000000000000008200,62,65,64,51
291,00000000000000000000000000002800,62,65,65,52
292,00000000000000000000000000140000,62,53,66,58
293,00000000000000000000000000410000,63,53,66,58
294,000000000000000000000000a0000000,69,73,62,65
295,0000000000000000000000000a000000,69,73,62,65
296,00000000000000000000001400000000,62,52,58,61
297,00000000000000000000004100000000,62,51,59,61
298,00000000000000000000820000000000,64,56,62,63
299,00000000000000000000280000000000,64,57,61,63
300,00000000000000000014000000000000,64,65,59,62
301,00000000000000000041000000000000,63,64,59,61
302,0000000000000000a000000000000000,59,62,67,65
303,00000000000000000a00000000000000,59,62,67,65
304,00000000000000140000000000000000,56,62,57,60
305,00000000000000410000000000000000,57,62,57,60
306,00000000000082000000000000000000,60,59,60,61
307,00000000000028000000000000000000,61,58,61,60
308,00000000001400000000000000000000,53,59,56,59
309,00000000004100000000000000000000,53,59,56,59
310,00000000a00000000000000000000000,66,67,73,67
311,000000000a0000000000000000000000,67,67,73,67
312,00000014000000000000000000000000,64,60,54,64
313,00000041000000000000000000000000,65,60,54,64
314,00008200000000000000000000000000,66,59,59,63
315,00002800000000000000000000000000,66,60,60,63
316,00140000000000000000000000000000,65,62,63,61
317,00410000000000000000000000000000,65,62,63,61
318,a0000000000000000000000000000000,60,64,63,67
319,0a000000000000000000000000000000,61,65,63,68
320,00000000000000000000000000000016,47,46,48,47
321,00000000000000000000000000000061,47,47,48,46
322,00000000000000000000000000008600,48,47,47,46
323,00000000000000000000000000006800,48,47,48,47
324,000000000000000000000000001c0000,47,49,48,45
325,00000000000000000000000000c10000,46,49,48,46
326,000000000000000000000000a1000000,48,49,49,47
327,0000000000000000000000001a000000,47,49,50,48
328,00000000000000000000001600000000,46,47,47,47
329,00000000000000000000006100000000,46,46,48,47
330,00000000000000000000860000000000,46,49,46,47
331,00000000000000000000680000000000,46,48,47,47
332,0000000000000000001c000000000000,49,46,47,45
333,000000000000000000c1000000000000,49,47,46,46
334,0000000000000000a100000000000000,49,48,49,47
335,00000000000000001a00000000000000,48,47,48,47
336,00000000000000160000000000000000,47,47,46,50
337,00000000000000610000000000000000,47,47,46,50
338,00000000000086000000000000000000,48,47,47,48
339,00000000000068000000000000000000,49,46,48,47
340,00000000001c00000000000000000000,47,47,49,47
341,0000000000c100000000000000000000,47,47,49,47
342,00000000a10000000000000000000000,47,47,48,46
343,000000001a0000000000000000000000,48,47,48,46
344,00000016000000000000000000000000,48,51,48,48
345,00000061000000000000000000000000,48,51,48,48
346,00008600000000000000000000000000,50,49,47,47
347,00006800000000000000000000000000,50,49,48,47
348,001c0000000000000000000000000000,47,48,48,47
349,00c10000000000000000000000000000,47,48,48,47
350,a1000000000000000000000000000000,46,46,47,48
351,1a000000000000000000000000000000,46,46,47,47
352,00000000000000000000000000000090,47,46,47,47
353,00000000000000000000000000000009,47,45,47,46
354,00000000000000000000000000000300,47,47,48,44
355,00000000000000000000000000003000,47,47,49,45
356,00000000000000000000000000240000,46,47,48,48
357,00000000000000000000000000420000,46,47,48,47
358,00000000000000000000000084000000,47,46,47,47
359,00000000000000000000000048000000,47,46,47,47
360,00000000000000000000009000000000,46,46,46,46
361,00000000000000000000000900000000,46,45,47,46
362,00000000000000000000030000000000,47,49,48,47
363,00000000000000000000300000000000,47,48,47,47
364,00000000000000000024000000000000,47,46,47,45
365,00000000000000000042000000000000,47,47,48,46
366,00000000000000008400000000000000,49,46,48,46
367,00000000000000004800000000000000,48,47,48,46
368,00000000000000900000000000000000,46,48,48,48
369,00000000000000090000000000000000,46,48,48,48
370,00000000000003000000000000000000,46,47,45,48
371,00000000000030000000000000000000,47,46,46,47
372,00000000002400000000000000000000,46,46,49,46
373,00000000004200000000000000000000,46,46,49,46
374,00000000840000000000000000000000,48,47,48,47
375,00000000480000000000000000000000,48,47,48,47
376,00000090000000000000000000000000,45,46,48,48
377,00000009000000000000000000000000,46,46,48,48
378,00000300000000000000000000000000,53,47,46,46
379,00003000000000000000000000000000,53,47,45,46
380,00240000000000000000000000000000,46,48,45,49
381,00420000000000000000000000000000,46,48,45,49
382,84000000000000000000000000000000,50,46,45,47
383,48000000000000000000000000000000,49,47,45,46
384,00000000000000000000000000000092,58,48,56,55
385,00000000000000000000000000000029,58,47,56,54
386,00000000000000000000000000000700,57,55,54,51
387,00000000000000000000000000007000,57,56,55,52
388,000000000000000000000000002c0000,57,53,57,61
389,00000000000000000000000000c20000,56,53,57,60
390,00000000000000000000000085000000,55,57,58,68
391,00000000000000000000000058000000,56,57,58,68
392,00000000000000000000009200000000,62,59,58,51
393,00000000000000000000002900000000,62,58,59,51
394,00000000000000000000070000000000,50,56,56,48
395,00000000000000000000700000000000,50,56,57,48
396,0000000000000000002c000000000000,50,61,59,57
397,000000000000000000c2000000000000,50,60,59,58
398,00000000000000008500000000000000,66,59,55,62
399,00000000000000005800000000000000,67,60,56,62
400,00000000000000920000000000000000,62,58,62,61
401,00000000000000290000000000000000,62,58,62,61
402,00000000000007000000000000000000,59,51,57,56
403,00000000000070000000000000000000,60,50,57,55
404,00000000002c00000000000000000000,52,58,62,57
405,0000000000c200000000000000000000,52,58,62,57
406,00000000850000000000000000000000,64,65,66,56
407,00000000580000000000000000000000,64,65,66,56
408,00000092000000000000000000000000,48,56,60,58
409,00000029000000000000000000000000,49,56,60,58
410,00000700000000000000000000000000,51,55,50,55
411,00007000000000000000000000000000,51,55,50,55
412,002c0000000000000000000000000000,58,54,48,51
413,00c20000000000000000000000000000,58,54,48,51
414,85000000000000000000000000000000,63,62,64,62
415,58000000000000000000000000000000,64,62,64,62
416,00000000000000000000000000000094,48,47,48,48
417,00000000000000000000000000000049,48,46,48,47
418,00000000000000000000000000008300,48,47,48,46
419,00000000000000000000000000003800,48,47,49,47
420,00000000000000000000000000340000,46,49,48,44
421,00000000000000000000000000430000,46,49,48,45
422,000000000000000000000000a4000000,46,49,48,47
423,0000000000000000000000004a000000,47,49,48,48
424,00000000000000000000009400000000,46,48,47,47
425,00000000000000000000004900000000,46,47,48,47
426,00000000000000000000830000000000,48,49,48,46
427,00000000000000000000380000000000,48,48,47,46
428,00000000000000000034000000000000,48,46,48,45
429,00000000000000000043000000000000,48,47,49,46
430,0000000000000000a400000000000000,48,48,49,48
431,00000000000000004a00000000000000,47,47,48,48
432,00000000000000940000000000000000,47,48,47,51
433,00000000000000490000000000000000,47,48,47,51
434,00000000000083000000000000000000,48,47,47,46
435,00000000000038000000000000000000,47,46,48,45
436,00000000003400000000000000000000,47,47,49,47
437,00000000004300000000000000000000,47,47,49,47
438,00000000a40000000000000000000000,47,47,47,48
439,000000004a0000000000000000000000,48,47,47,48
440,00000094000000000000000000000000,49,46,48,48
441,00000049000000000000000000000000,48,46,48,48
442,00008300000000000000000000000000,50,48,49,47
443,00003800000000000000000000000000,50,48,48,47
444,00340000000000000000000000000000,47,48,48,48
445,00430000000000000000000000000000,47,48,48,48
446,a4000000000000000000000000000000,48,46,47,51
447,4a000000000000000000000000000000,47,47,47,51
448,00000000000000000000000000000096,58,48,56,55
449,00000000000000000000000000000069,58,47,56,54
450,00000000000000000000000000008700,57,55,54,51
451,00000000000000000000000000007800,57,56,55,52
452,000000000000000000000000003c0000,57,53,57,61
453,00000000000000000000000000c30000,56,53,57,60
454,000000000000000000000000a5000000,55,57,58,68
455,0000000000000000000000005a000000,56,57,58,68
456,00000000000000000000009600000000,62,59,58,51
457,00000000000000000000006900000000,62,58,59,51
458,00000000000000000000870000000000,50,56,56,48
459,00000000000000000000780000000000,50,56,57,48
460,0000000000000000003c000000000000,50,61,59,57
461,000000000000000000c3000000000000,50,60,59,58
462,0000000000000000a500000000000000,66,59,55,62
463,00000000000000005a00000000000000,67,60,56,62
464,00000000000000960000000000000000,62,58,62,61
465,00000000000000690000000000000000,62,58,62,61
466,00000000000087000000000000000000,59,51,57,56
467,00000000000078000000000000000000,60,50,57,55
468,00000000003c00000000000000000000,52,58,62,57
469,0000000000c300000000000000000000,52,58,62,57
470,00000000a50000000000000000000000,64,65,66,56
471,000000005a0000000000000000000000,64,65,66,56
472,00000096000000000000000000000000,48,56,60,58
473,00000069000000000000000000000000,49,56,60,58
474,00008700000000000000000000000000,51,55,50,55
475,00007800000000000000000000000000,51,55,50,55
476,003c0000000000000000000000000000,58,54,48,51
477,00c30000000000000000000000000000,58,54,48,51
478,a5000000000000000000000000000000,63,62,64,62
479,5a000000000000000000000000000000,64,62,64,62
