,Input_diff,Round0,Round1,Round2,Round3
0,00000000000000000000000000000001,9,9,9,9
1,00000000000000000000000000000010,9,9,9,8
2,00000000000000000000000000000100,9,9,8,8
3,00000000000000000000000000001000,9,9,9,8
4,00000000000000000000000000010000,8,8,9,8
5,00000000000000000000000000100000,8,8,9,8
6,00000000000000000000000001000000,8,8,9,9
7,00000000000000000000000010000000,7,8,9,9
8,00000000000000000000000100000000,10,9,9,9
9,00000000000000000000001000000000,10,9,9,9
10,00000000000000000000010000000000,9,9,9,8
11,00000000000000000000100000000000,9,9,9,9
12,00000000000000000001000000000000,9,8,7,9
13,00000000000000000010000000000000,9,9,8,9
14,00000000000000000100000000000000,9,9,8,9
15,00000000000000001000000000000000,9,9,8,9
16,00000000000000010000000000000000,9,10,9,9
17,00000000000000100000000000000000,9,10,9,9
18,00000000000001000000000000000000,7,9,8,9
19,00000000000010000000000000000000,8,9,8,9
20,00000000000100000000000000000000,8,8,8,8
21,00000000001000000000000000000000,8,8,8,8
22,00000000010000000000000000000000,9,8,8,8
23,00000000100000000000000000000000,9,8,8,7
24,00000001000000000000000000000000,9,9,10,10
25,00000010000000000000000000000000,9,8,10,10
26,00000100000000000000000000000000,9,8,9,9
27,00001000000000000000000000000000,9,8,9,9
28,00010000000000000000000000000000,8,9,9,9
29,00100000000000000000000000000000,9,9,9,9
30,01000000000000000000000000000000,9,9,9,9
31,10000000000000000000000000000000,9,9,9,9
32,00000000000000000000000000000002,9,8,8,8
33,00000000000000000000000000000020,9,8,8,9
34,00000000000000000000000000000200,10,9,8,10
35,00000000000000000000000000002000,10,9,9,10
36,00000000000000000000000000020000,9,9,9,9
37,00000000000000000000000000200000,9,9,9,9
38,00000000000000000000000002000000,8,9,8,9
39,00000000000000000000000020000000,8,9,8,9
40,00000000000000000000000200000000,9,9,9,8
41,00000000000000000000002000000000,9,9,9,8
42,00000000000000000000020000000000,9,10,10,8
43,00000000000000000000200000000000,9,10,10,9
44,00000000000000000002000000000000,8,9,8,9
45,00000000000000000020000000000000,8,8,8,9
46,00000000000000000200000000000000,8,8,9,8
47,00000000000000002000000000000000,8,8,9,8
48,00000000000000020000000000000000,9,9,9,9
49,00000000000000200000000000000000,9,9,9,9
50,00000000000002000000000000000000,9,9,10,10
51,00000000000020000000000000000000,9,9,10,10
52,00000000000200000000000000000000,9,9,9,9
53,00000000002000000000000000000000,9,9,9,9
54,00000000020000000000000000000000,9,8,8,8
55,00000000200000000000000000000000,9,8,8,8
56,00000002000000000000000000000000,8,8,9,9
57,00000020000000000000000000000000,8,9,9,9
58,00000200000000000000000000000000,9,10,9,9
59,00002000000000000000000000000000,9,10,9,9
60,00020000000000000000000000000000,9,8,8,8
61,00200000000000000000000000000000,8,8,8,8
62,02000000000000000000000000000000,8,8,8,8
63,20000000000000000000000000000000,8,8,8,8
64,00000000000000000000000000000003,13,15,15,14
65,00000000000000000000000000000030,13,15,15,14
66,00000000000000000000000000000300,9,9,8,8
67,00000000000000000000000000003000,9,9,9,8
68,00000000000000000000000000030000,10,9,9,9
69,00000000000000000000000000300000,10,9,9,9
70,00000000000000000000000003000000,12,13,12,13
71,00000000000000000000000030000000,12,13,12,13
72,00000000000000000000000300000000,12,15,13,15
73,00000000000000000000003000000000,12,15,13,15
74,00000000000000000000030000000000,9,9,9,8
75,00000000000000000000300000000000,9,9,9,9
76,00000000000000000003000000000000,8,9,9,9
77,00000000000000000030000000000000,8,8,9,9
78,00000000000000000300000000000000,12,12,13,12
79,00000000000000003000000000000000,12,12,13,12
80,00000000000000030000000000000000,15,12,15,13
81,00000000000000300000000000000000,15,12,15,13
82,00000000000003000000000000000000,7,9,8,9
83,00000000000030000000000000000000,8,9,8,9
84,00000000000300000000000000000000,9,10,9,10
85,00000000003000000000000000000000,9,10,9,10
86,00000000030000000000000000000000,13,12,12,12
87,00000000300000000000000000000000,13,12,12,12
88,00000003000000000000000000000000,15,12,12,12
89,00000030000000000000000000000000,15,12,12,12
90,00000300000000000000000000000000,9,8,9,9
91,00003000000000000000000000000000,9,8,9,9
92,00030000000000000000000000000000,9,8,8,8
93,00300000000000000000000000000000,8,8,8,8
94,03000000000000000000000000000000,12,12,12,12
95,30000000000000000000000000000000,12,12,12,12
96,00000000000000000000000000000004,8,9,9,7
97,00000000000000000000000000000040,8,9,9,8
98,00000000000000000000000000000400,9,9,8,8
99,00000000000000000000000000004000,9,9,9,8
100,00000000000000000000000000040000,9,9,10,9
101,00000000000000000000000000400000,9,9,10,9
102,00000000000000000000000004000000,8,8,9,9
103,00000000000000000000000040000000,7,8,9,9
104,00000000000000000000000400000000,9,8,8,9
105,00000000000000000000004000000000,9,8,8,9
106,00000000000000000000040000000000,9,9,9,8
107,00000000000000000000400000000000,9,9,9,9
108,00000000000000000004000000000000,9,10,9,10
109,00000000000000000040000000000000,9,9,8,10
110,00000000000000000400000000000000,9,9,8,9
111,00000000000000004000000000000000,9,9,8,9
112,00000000000000040000000000000000,8,9,8,8
113,00000000000000400000000000000000,8,9,8,8
114,00000000000004000000000000000000,7,9,8,9
115,00000000000040000000000000000000,8,9,8,9
116,00000000000400000000000000000000,9,9,9,9
117,00000000004000000000000000000000,9,9,9,9
118,00000000040000000000000000000000,9,8,8,8
119,00000000400000000000000000000000,9,8,8,7
120,00000004000000000000000000000000,9,7,9,9
121,00000040000000000000000000000000,9,8,9,9
122,00000400000000000000000000000000,9,8,9,9
123,00004000000000000000000000000000,9,8,9,9
124,00040000000000000000000000000000,10,9,9,9
125,00400000000000000000000000000000,9,9,9,9
126,04000000000000000000000000000000,9,9,9,9
127,40000000000000000000000000000000,9,9,9,9
128,00000000000000000000000000000005,15,16,16,16
129,00000000000000000000000000000050,15,16,16,16
130,00000000000000000000000000000500,10,9,8,8
131,00000000000000000000000000005000,10,9,9,8
132,00000000000000000000000000050000,15,17,16,17
133,00000000000000000000000000500000,15,17,16,17
134,00000000000000000000000005000000,9,10,9,10
135,00000000000000000000000050000000,9,10,9,10
136,00000000000000000000000500000000,16,17,15,16
137,00000000000000000000005000000000,16,17,15,16
138,00000000000000000000050000000000,9,10,10,8
139,00000000000000000000500000000000,9,10,10,9
140,00000000000000000005000000000000,16,15,14,16
141,00000000000000000050000000000000,16,15,14,16
142,00000000000000000500000000000000,9,9,10,9
143,00000000000000005000000000000000,9,9,10,9
144,00000000000000050000000000000000,17,16,17,15
145,00000000000000500000000000000000,17,16,17,15
146,00000000000005000000000000000000,7,9,8,10
147,00000000000050000000000000000000,8,9,8,10
148,00000000000500000000000000000000,17,15,17,15
149,00000000005000000000000000000000,17,15,17,15
150,00000000050000000000000000000000,10,9,9,9
151,00000000500000000000000000000000,10,9,9,9
152,00000005000000000000000000000000,16,14,16,16
153,00000050000000000000000000000000,16,14,16,16
154,00000500000000000000000000000000,9,8,9,9
155,00005000000000000000000000000000,9,8,9,9
156,00050000000000000000000000000000,15,16,16,16
157,00500000000000000000000000000000,15,16,16,16
158,05000000000000000000000000000000,9,9,9,9
159,50000000000000000000000000000000,9,9,9,9
160,00000000000000000000000000000006,10,8,8,8
161,00000000000000000000000000000060,10,8,8,9
162,00000000000000000000000000000600,9,9,8,8
163,00000000000000000000000000006000,9,9,9,8
164,00000000000000000000000000060000,13,15,12,15
165,00000000000000000000000000600000,13,15,12,15
166,00000000000000000000000006000000,12,13,12,13
167,00000000000000000000000060000000,12,13,12,13
168,00000000000000000000000600000000,9,9,10,8
169,00000000000000000000006000000000,9,9,10,8
170,00000000000000000000060000000000,9,9,9,8
171,00000000000000000000600000000000,9,9,9,9
172,00000000000000000006000000000000,15,12,13,12
173,00000000000000000060000000000000,15,11,12,12
174,00000000000000000600000000000000,12,12,13,12
175,00000000000000006000000000000000,12,12,13,12
176,00000000000000060000000000000000,9,9,9,10
177,00000000000000600000000000000000,9,9,9,10
178,00000000000006000000000000000000,7,9,8,9
179,00000000000060000000000000000000,8,9,8,9
180,00000000000600000000000000000000,15,13,15,13
181,00000000006000000000000000000000,15,13,15,13
182,00000000060000000000000000000000,13,12,12,12
183,00000000600000000000000000000000,13,12,12,12
184,00000006000000000000000000000000,8,9,9,9
185,00000060000000000000000000000000,8,10,9,9
186,00000600000000000000000000000000,9,8,9,9
187,00006000000000000000000000000000,9,8,9,9
188,00060000000000000000000000000000,12,15,15,15
189,00600000000000000000000000000000,11,15,15,15
190,06000000000000000000000000000000,12,12,12,12
191,60000000000000000000000000000000,12,12,12,12
192,00000000000000000000000000000007,15,15,15,14
193,00000000000000000000000000000070,15,15,15,14
194,00000000000000000000000000000700,11,9,8,8
195,00000000000000000000000000007000,11,9,9,8
196,00000000000000000000000000070000,15,15,12,15
197,00000000000000000000000000700000,15,15,12,15
198,00000000000000000000000007000000,12,13,15,13
199,00000000000000000000000070000000,12,13,15,13
200,00000000000000000000000700000000,12,15,15,15
201,00000000000000000000007000000000,12,15,15,15
202,00000000000000000000070000000000,9,11,11,8
203,00000000000000000000700000000000,9,11,11,9
204,00000000000000000007000000000000,15,12,14,12
205,00000000000000000070000000000000,15,11,14,12
206,00000000000000000700000000000000,15,15,13,15
207,00000000000000007000000000000000,15,15,13,15
208,00000000000000070000000000000000,15,12,15,15
209,00000000000000700000000000000000,15,12,15,15
210,00000000000007000000000000000000,7,9,8,11
211,00000000000070000000000000000000,8,9,8,11
212,00000000000700000000000000000000,15,15,15,15
213,00000000007000000000000000000000,15,15,15,15
214,00000000070000000000000000000000,13,12,12,12
215,00000000700000000000000000000000,13,12,12,12
216,00000007000000000000000000000000,15,14,12,12
217,00000070000000000000000000000000,15,14,12,12
218,00000700000000000000000000000000,9,8,9,9
219,00007000000000000000000000000000,9,8,9,9
220,00070000000000000000000000000000,12,15,15,15
221,00700000000000000000000000000000,11,15,15,15
222,07000000000000000000000000000000,15,15,15,15
223,70000000000000000000000000000000,15,15,15,15
224,00000000000000000000000000000008,9,8,8,9
225,00000000000000000000000000000080,9,8,8,8
226,00000000000000000000000000000800,9,8,8,9
227,00000000000000000000000000008000,9,8,7,9
228,00000000000000000000000000080000,9,9,9,9
229,00000000000000000000000000800000,9,9,9,9
230,00000000000000000000000008000000,9,10,9,10
231,00000000000000000000000080000000,9,10,9,10
232,00000000000000000000000800000000,9,9,9,8
233,00000000000000000000008000000000,9,9,9,8
234,00000000000000000000080000000000,8,9,9,8
235,00000000000000000000800000000000,8,9,9,7
236,00000000000000000008000000000000,8,8,8,9
237,00000000000000000080000000000000,8,9,8,9
238,00000000000000000800000000000000,9,9,10,9
239,00000000000000008000000000000000,9,9,10,9
240,00000000000000080000000000000000,9,9,9,9
241,00000000000000800000000000000000,9,9,9,9
242,00000000000008000000000000000000,8,8,9,9
243,00000000000080000000000000000000,8,8,9,9
244,00000000000800000000000000000000,9,9,9,9
245,00000000008000000000000000000000,9,9,9,9
246,00000000080000000000000000000000,10,9,9,9
247,00000000800000000000000000000000,10,9,9,9
248,00000008000000000000000000000000,8,9,9,9
249,00000080000000000000000000000000,8,8,9,9
250,00000800000000000000000000000000,8,9,8,8
251,00008000000000000000000000000000,8,9,8,8
252,00080000000000000000000000000000,8,8,8,8
253,00800000000000000000000000000000,9,8,8,8
254,08000000000000000000000000000000,9,9,9,9
255,80000000000000000000000000000000,9,9,9,9
256,00000000000000000000000000000009,9,8,8,9
257,00000000000000000000000000000090,9,8,8,8
258,00000000000000000000000000000900,13,14,13,13
259,00000000000000000000000000009000,13,14,14,13
260,00000000000000000000000000090000,12,14,11,14
261,00000000000000000000000000900000,12,14,11,14
262,00000000000000000000000009000000,13,14,13,14
263,00000000000000000000000090000000,13,14,13,14
264,00000000000000000000000900000000,9,9,9,8
265,00000000000000000000009000000000,9,9,9,8
266,00000000000000000000090000000000,14,13,13,13
267,00000000000000000000900000000000,14,13,13,14
268,00000000000000000009000000000000,14,10,11,11
269,00000000000000000090000000000000,14,11,12,11
270,00000000000000000900000000000000,13,13,14,13
271,00000000000000009000000000000000,13,13,14,13
272,00000000000000090000000000000000,9,9,9,9
273,00000000000000900000000000000000,9,9,9,9
274,00000000000009000000000000000000,12,14,13,13
275,00000000000090000000000000000000,12,14,13,13
276,00000000000900000000000000000000,14,12,14,12
277,00000000009000000000000000000000,14,12,14,12
278,00000000090000000000000000000000,14,13,13,13
279,00000000900000000000000000000000,14,13,13,13
280,00000009000000000000000000000000,8,9,9,9
281,00000090000000000000000000000000,8,8,9,9
282,00000900000000000000000000000000,14,13,14,14
283,00009000000000000000000000000000,14,13,14,14
284,00090000000000000000000000000000,10,14,14,14
285,00900000000000000000000000000000,11,14,14,14
286,09000000000000000000000000000000,13,13,13,13
287,90000000000000000000000000000000,13,13,13,13
288,0000000000000000000000000000000a,13,14,14,14
289,000000000000000000000000000000a0,13,14,14,14
290,00000000000000000000000000000a00,13,15,14,13
291,0000000000000000000000000000a000,13,15,14,13
292,000000000000000000000000000a0000,13,15,12,15
293,00000000000000000000000000a00000,13,15,12,15
294,0000000000000000000000000a000000,11,12,11,14
295,000000000000000000000000a0000000,11,12,11,14
296,00000000000000000000000a00000000,12,15,13,14
297,0000000000000000000000a000000000,12,15,13,14
298,000000000000000000000a0000000000,15,13,13,14
299,00000000000000000000a00000000000,15,13,13,14
300,0000000000000000000a000000000000,14,11,12,12
301,000000000000000000a0000000000000,14,11,12,12
302,00000000000000000a00000000000000,11,11,12,11
303,0000000000000000a000000000000000,11,11,12,11
304,000000000000000a0000000000000000,15,12,15,13
305,00000000000000a00000000000000000,15,12,15,13
306,0000000000000a000000000000000000,12,15,13,13
307,000000000000a0000000000000000000,12,15,13,13
308,00000000000a00000000000000000000,15,13,15,13
309,0000000000a000000000000000000000,15,13,15,13
310,000000000a0000000000000000000000,14,13,13,11
311,00000000a00000000000000000000000,14,13,13,11
312,0000000a000000000000000000000000,14,12,12,12
313,000000a0000000000000000000000000,14,12,12,12
314,00000a00000000000000000000000000,15,13,15,15
315,0000a000000000000000000000000000,15,13,15,15
316,000a0000000000000000000000000000,11,14,14,14
317,00a00000000000000000000000000000,11,14,14,14
318,0a000000000000000000000000000000,11,11,11,11
319,a0000000000000000000000000000000,11,11,11,11
320,0000000000000000000000000000000b,13,14,14,14
321,000000000000000000000000000000b0,13,14,14,14
322,00000000000000000000000000000b00,13,14,13,14
323,0000000000000000000000000000b000,13,14,14,14
324,000000000000000000000000000b0000,15,15,12,15
325,00000000000000000000000000b00000,15,15,12,15
326,0000000000000000000000000b000000,15,16,15,16
327,000000000000000000000000b0000000,15,16,15,16
328,00000000000000000000000b00000000,12,15,13,14
329,0000000000000000000000b000000000,12,15,13,14
330,000000000000000000000b0000000000,14,13,13,13
331,00000000000000000000b00000000000,14,13,13,14
332,0000000000000000000b000000000000,14,11,14,12
333,000000000000000000b0000000000000,14,11,14,12
334,00000000000000000b00000000000000,15,15,16,15
335,0000000000000000b000000000000000,15,15,16,15
336,000000000000000b0000000000000000,15,12,15,13
337,00000000000000b00000000000000000,15,12,15,13
338,0000000000000b000000000000000000,13,14,14,13
339,000000000000b0000000000000000000,13,14,14,13
340,00000000000b00000000000000000000,15,15,15,15
341,0000000000b000000000000000000000,15,15,15,15
342,000000000b0000000000000000000000,16,15,15,15
343,00000000b00000000000000000000000,16,15,15,15
344,0000000b000000000000000000000000,14,12,12,12
345,000000b0000000000000000000000000,14,12,12,12
346,00000b00000000000000000000000000,14,14,14,14
347,0000b000000000000000000000000000,14,14,14,14
348,000b0000000000000000000000000000,11,14,14,14
349,00b00000000000000000000000000000,11,14,14,14
350,0b000000000000000000000000000000,15,15,15,15
351,b0000000000000000000000000000000,15,15,15,15
352,0000000000000000000000000000000c,12,14,14,13
353,000000000000000000000000000000c0,12,14,14,13
354,00000000000000000000000000000c00,13,14,13,13
355,0000000000000000000000000000c000,13,14,14,13
356,000000000000000000000000000c0000,9,9,9,9
357,00000000000000000000000000c00000,9,9,9,9
358,0000000000000000000000000c000000,13,14,13,14
359,000000000000000000000000c0000000,13,14,13,14
360,00000000000000000000000c00000000,11,14,12,14
361,0000000000000000000000c000000000,11,14,12,14
362,000000000000000000000c0000000000,14,13,13,13
363,00000000000000000000c00000000000,14,13,13,14
364,0000000000000000000c000000000000,8,8,8,9
365,000000000000000000c0000000000000,8,9,9,9
366,00000000000000000c00000000000000,13,13,14,13
367,0000000000000000c000000000000000,13,13,14,13
368,000000000000000c0000000000000000,14,11,14,12
369,00000000000000c00000000000000000,14,11,14,12
370,0000000000000c000000000000000000,12,14,13,13
371,000000000000c0000000000000000000,12,14,13,13
372,00000000000c00000000000000000000,9,9,9,9
373,0000000000c000000000000000000000,9,9,9,9
374,000000000c0000000000000000000000,14,13,13,13
375,00000000c00000000000000000000000,14,13,13,13
376,0000000c000000000000000000000000,14,11,11,11
377,000000c0000000000000000000000000,14,11,11,11
378,00000c00000000000000000000000000,14,13,14,14
379,0000c000000000000000000000000000,14,13,14,14
380,000c0000000000000000000000000000,8,8,8,8
381,00c00000000000000000000000000000,9,8,8,8
382,0c000000000000000000000000000000,13,13,13,13
383,c0000000000000000000000000000000,13,13,13,13
384,0000000000000000000000000000000d,12,14,14,13
385,000000000000000000000000000000d0,12,14,14,13
386,00000000000000000000000000000d00,13,15,14,13
387,0000000000000000000000000000d000,13,15,14,13
388,000000000000000000000000000d0000,12,14,11,14
389,00000000000000000000000000d00000,12,14,11,14
390,0000000000000000000000000d000000,13,14,16,14
391,000000000000000000000000d0000000,13,14,16,14
392,00000000000000000000000d00000000,11,14,12,14
393,0000000000000000000000d000000000,11,14,12,14
394,000000000000000000000d0000000000,15,13,13,14
395,00000000000000000000d00000000000,15,13,13,14
396,0000000000000000000d000000000000,14,10,11,11
397,000000000000000000d0000000000000,14,11,12,11
398,00000000000000000d00000000000000,16,16,14,16
399,0000000000000000d000000000000000,16,16,14,16
400,000000000000000d0000000000000000,14,11,14,12
401,00000000000000d00000000000000000,14,11,14,12
402,0000000000000d000000000000000000,12,15,13,13
403,000000000000d0000000000000000000,12,15,13,13
404,00000000000d00000000000000000000,14,12,14,12
405,0000000000d000000000000000000000,14,12,14,12
406,000000000d0000000000000000000000,14,13,13,13
407,00000000d00000000000000000000000,14,13,13,13
408,0000000d000000000000000000000000,14,11,11,11
409,000000d0000000000000000000000000,14,11,11,11
410,00000d00000000000000000000000000,15,13,15,15
411,0000d000000000000000000000000000,15,13,15,15
412,000d0000000000000000000000000000,10,14,14,14
413,00d00000000000000000000000000000,11,14,14,14
414,0d000000000000000000000000000000,16,16,16,16
415,d0000000000000000000000000000000,16,16,16,16
416,0000000000000000000000000000000e,15,14,14,14
417,000000000000000000000000000000e0,15,14,14,14
418,00000000000000000000000000000e00,13,14,13,14
419,0000000000000000000000000000e000,13,14,14,14
420,000000000000000000000000000e0000,13,15,12,15
421,00000000000000000000000000e00000,13,15,12,15
422,0000000000000000000000000e000000,15,16,15,16
423,000000000000000000000000e0000000,15,16,15,16
424,00000000000000000000000e00000000,12,15,15,14
425,0000000000000000000000e000000000,12,15,15,14
426,000000000000000000000e0000000000,14,13,13,13
427,00000000000000000000e00000000000,14,13,13,14
428,0000000000000000000e000000000000,14,11,12,12
429,000000000000000000e0000000000000,14,12,13,12
430,00000000000000000e00000000000000,15,15,16,15
431,0000000000000000e000000000000000,15,15,16,15
432,000000000000000e0000000000000000,15,12,15,15
433,00000000000000e00000000000000000,15,12,15,15
434,0000000000000e000000000000000000,13,14,14,13
435,000000000000e0000000000000000000,13,14,14,13
436,00000000000e00000000000000000000,15,13,15,13
437,0000000000e000000000000000000000,15,13,15,13
438,000000000e0000000000000000000000,16,15,15,15
439,00000000e00000000000000000000000,16,15,15,15
440,0000000e000000000000000000000000,14,14,12,12
441,000000e0000000000000000000000000,14,14,12,12
442,00000e00000000000000000000000000,14,14,14,14
443,0000e000000000000000000000000000,14,14,14,14
444,000e0000000000000000000000000000,11,14,14,14
445,00e00000000000000000000000000000,12,14,14,14
446,0e000000000000000000000000000000,15,15,15,15
447,e0000000000000000000000000000000,15,15,15,15
448,0000000000000000000000000000000f,15,14,14,14
449,000000000000000000000000000000f0,15,14,14,14
450,00000000000000000000000000000f00,15,15,14,14
451,0000000000000000000000000000f000,15,15,15,14
452,000000000000000000000000000f0000,15,15,12,15
453,00000000000000000000000000f00000,15,15,12,15
454,0000000000000000000000000f000000,15,16,16,16
455,000000000000000000000000f0000000,15,16,16,16
456,00000000000000000000000f00000000,12,15,15,14
457,0000000000000000000000f000000000,12,15,15,14
458,000000000000000000000f0000000000,15,15,15,14
459,00000000000000000000f00000000000,15,15,15,15
460,0000000000000000000f000000000000,14,11,14,12
461,000000000000000000f0000000000000,14,12,14,12
462,00000000000000000f00000000000000,16,16,16,16
463,0000000000000000f000000000000000,16,16,16,16
464,000000000000000f0000000000000000,15,12,15,15
465,00000000000000f00000000000000000,15,12,15,15
466,0000000000000f000000000000000000,13,15,14,15
467,000000000000f0000000000000000000,13,15,14,15
468,00000000000f00000000000000000000,15,15,15,15
469,0000000000f000000000000000000000,15,15,15,15
470,000000000f0000000000000000000000,16,15,15,15
471,00000000f00000000000000000000000,16,15,15,15
472,0000000f000000000000000000000000,14,14,12,12
473,000000f0000000000000000000000000,14,14,12,12
474,00000f00000000000000000000000000,15,14,15,15
475,0000f000000000000000000000000000,15,14,15,15
476,000f0000000000000000000000000000,11,14,14,14
477,00f00000000000000000000000000000,12,14,14,14
478,0f000000000000000000000000000000,16,16,16,16
479,f0000000000000000000000000000000,16,16,16,16
