,Input_diff,Round0,Round1,Round2,Round3
0,00000000000000000000000000000001,4,4,4,4
1,00000000000000000000000000000010,3,3,3,3
2,00000000000000000000000000000100,3,3,3,3
3,00000000000000000000000000001000,3,3,3,3
4,00000000000000000000000000010000,3,3,3,3
5,00000000000000000000000000100000,3,3,3,3
6,00000000000000000000000001000000,3,3,3,3
7,00000000000000000000000010000000,3,3,3,3
8,00000000000000000000000100000000,4,4,4,4
9,00000000000000000000001000000000,4,4,4,4
10,00000000000000000000010000000000,3,3,3,3
11,00000000000000000000100000000000,3,3,3,3
12,00000000000000000001000000000000,3,3,3,3
13,00000000000000000010000000000000,3,3,3,3
14,00000000000000000100000000000000,3,3,3,3
15,00000000000000001000000000000000,3,3,3,3
16,00000000000000010000000000000000,4,4,4,4
17,00000000000000100000000000000000,4,4,4,4
18,00000000000001000000000000000000,3,3,3,3
19,00000000000010000000000000000000,3,3,3,3
20,00000000000100000000000000000000,3,3,3,3
21,00000000001000000000000000000000,3,3,3,3
22,00000000010000000000000000000000,3,3,3,3
23,00000000100000000000000000000000,3,3,3,3
24,00000001000000000000000000000000,4,4,4,4
25,00000010000000000000000000000000,4,4,4,4
26,00000100000000000000000000000000,3,3,3,3
27,00001000000000000000000000000000,3,3,3,3
28,00010000000000000000000000000000,3,3,3,3
29,00100000000000000000000000000000,3,3,3,3
30,01000000000000000000000000000000,3,3,3,3
31,10000000000000000000000000000000,3,3,3,3
32,00000000000000000000000000000002,2,2,2,2
33,00000000000000000000000000000020,3,3,3,3
34,00000000000000000000000000000200,4,4,4,4
35,00000000000000000000000000002000,4,4,4,4
36,00000000000000000000000000020000,3,3,3,3
37,00000000000000000000000000200000,3,3,3,3
38,00000000000000000000000002000000,3,3,3,3
39,00000000000000000000000020000000,3,3,3,3
40,00000000000000000000000200000000,3,3,3,3
41,00000000000000000000002000000000,3,3,3,3
42,00000000000000000000020000000000,4,4,4,4
43,00000000000000000000200000000000,4,4,4,4
44,00000000000000000002000000000000,3,3,3,3
45,00000000000000000020000000000000,3,3,3,3
46,00000000000000000200000000000000,3,3,3,3
47,00000000000000002000000000000000,3,3,3,3
48,00000000000000020000000000000000,3,3,3,3
49,00000000000000200000000000000000,3,3,3,3
50,00000000000002000000000000000000,4,4,4,4
51,00000000000020000000000000000000,4,4,4,4
52,00000000000200000000000000000000,3,3,3,3
53,00000000002000000000000000000000,3,3,3,3
54,00000000020000000000000000000000,3,3,3,3
55,00000000200000000000000000000000,3,3,3,3
56,00000002000000000000000000000000,3,3,3,3
57,00000020000000000000000000000000,3,3,3,3
58,00000200000000000000000000000000,4,4,4,4
59,00002000000000000000000000000000,4,4,4,4
60,00020000000000000000000000000000,3,3,3,3
61,00200000000000000000000000000000,3,3,3,3
62,02000000000000000000000000000000,3,3,3,3
63,20000000000000000000000000000000,3,3,3,3
64,00000000000000000000000000000003,5,5,5,5
65,00000000000000000000000000000030,5,5,5,5
66,00000000000000000000000000000300,3,3,3,3
67,00000000000000000000000000003000,3,3,3,3
68,00000000000000000000000000030000,3,3,3,3
69,00000000000000000000000000300000,3,3,3,3
70,00000000000000000000000003000000,5,5,5,5
71,00000000000000000000000030000000,5,5,5,5
72,00000000000000000000000300000000,6,6,6,6
73,00000000000000000000003000000000,6,6,6,6
74,00000000000000000000030000000000,3,3,3,3
75,00000000000000000000300000000000,3,3,3,3
76,00000000000000000003000000000000,3,3,3,3
77,00000000000000000030000000000000,3,3,3,3
78,00000000000000000300000000000000,5,5,5,5
79,00000000000000003000000000000000,5,5,5,5
80,00000000000000030000000000000000,6,6,6,6
81,00000000000000300000000000000000,6,6,6,6
82,00000000000003000000000000000000,3,3,3,3
83,00000000000030000000000000000000,3,3,3,3
84,00000000000300000000000000000000,3,3,3,3
85,00000000003000000000000000000000,3,3,3,3
86,00000000030000000000000000000000,5,5,5,5
87,00000000300000000000000000000000,5,5,5,5
88,00000003000000000000000000000000,6,6,6,6
89,00000030000000000000000000000000,6,6,6,6
90,00000300000000000000000000000000,3,3,3,3
91,00003000000000000000000000000000,3,3,3,3
92,00030000000000000000000000000000,3,3,3,3
93,00300000000000000000000000000000,3,3,3,3
94,03000000000000000000000000000000,5,5,5,5
95,30000000000000000000000000000000,5,5,5,5
96,00000000000000000000000000000004,2,2,2,2
97,00000000000000000000000000000040,3,3,3,3
98,00000000000000000000000000000400,3,3,3,3
99,00000000000000000000000000004000,3,3,3,3
100,00000000000000000000000000040000,4,4,4,4
101,00000000000000000000000000400000,4,4,4,4
102,00000000000000000000000004000000,3,3,3,3
103,00000000000000000000000040000000,3,3,3,3
104,00000000000000000000000400000000,3,3,3,3
105,00000000000000000000004000000000,3,3,3,3
106,00000000000000000000040000000000,3,3,3,3
107,00000000000000000000400000000000,3,3,3,3
108,00000000000000000004000000000000,4,4,4,4
109,00000000000000000040000000000000,4,4,4,4
110,00000000000000000400000000000000,3,3,3,3
111,00000000000000004000000000000000,3,3,3,3
112,00000000000000040000000000000000,3,3,3,3
113,00000000000000400000000000000000,3,3,3,3
114,00000000000004000000000000000000,3,3,3,3
115,00000000000040000000000000000000,3,3,3,3
116,00000000000400000000000000000000,4,4,4,4
117,00000000004000000000000000000000,4,4,4,4
118,00000000040000000000000000000000,3,3,3,3
119,00000000400000000000000000000000,3,3,3,3
120,00000004000000000000000000000000,3,3,3,3
121,00000040000000000000000000000000,3,3,3,3
122,00000400000000000000000000000000,3,3,3,3
123,00004000000000000000000000000000,3,3,3,3
124,00040000000000000000000000000000,4,4,4,4
125,00400000000000000000000000000000,4,4,4,4
126,04000000000000000000000000000000,3,3,3,3
127,40000000000000000000000000000000,3,3,3,3
128,00000000000000000000000000000005,5,5,5,5
129,00000000000000000000000000000050,5,5,5,5
130,00000000000000000000000000000500,3,3,3,3
131,00000000000000000000000000005000,3,3,3,3
132,00000000000000000000000000050000,6,6,6,6
133,00000000000000000000000000500000,6,6,6,6
134,00000000000000000000000005000000,3,3,3,3
135,00000000000000000000000050000000,3,3,3,3
136,00000000000000000000000500000000,6,6,6,6
137,00000000000000000000005000000000,6,6,6,6
138,00000000000000000000050000000000,3,3,3,3
139,00000000000000000000500000000000,3,3,3,3
140,00000000000000000005000000000000,6,6,6,6
141,00000000000000000050000000000000,6,6,6,6
142,00000000000000000500000000000000,3,3,3,3
143,00000000000000005000000000000000,3,3,3,3
144,00000000000000050000000000000000,6,6,6,6
145,00000000000000500000000000000000,6,6,6,6
146,00000000000005000000000000000000,3,3,3,3
147,00000000000050000000000000000000,3,3,3,3
148,00000000000500000000000000000000,6,6,6,6
149,00000000005000000000000000000000,6,6,6,6
150,00000000050000000000000000000000,3,3,3,3
151,00000000500000000000000000000000,3,3,3,3
152,00000005000000000000000000000000,6,6,6,6
153,00000050000000000000000000000000,6,6,6,6
154,00000500000000000000000000000000,3,3,3,3
155,00005000000000000000000000000000,3,3,3,3
156,00050000000000000000000000000000,6,6,6,6
157,00500000000000000000000000000000,6,6,6,6
158,05000000000000000000000000000000,3,3,3,3
159,50000000000000000000000000000000,3,3,3,3
160,00000000000000000000000000000006,2,2,2,2
161,00000000000000000000000000000060,3,3,3,3
162,00000000000000000000000000000600,3,3,3,3
163,00000000000000000000000000006000,3,3,3,3
164,00000000000000000000000000060000,6,6,6,6
165,00000000000000000000000000600000,6,6,6,6
166,00000000000000000000000006000000,5,5,5,5
167,00000000000000000000000060000000,5,5,5,5
168,00000000000000000000000600000000,3,3,3,3
169,00000000000000000000006000000000,3,3,3,3
170,00000000000000000000060000000000,3,3,3,3
171,00000000000000000000600000000000,3,3,3,3
172,00000000000000000006000000000000,6,6,6,6
173,00000000000000000060000000000000,6,6,6,6
174,00000000000000000600000000000000,5,5,5,5
175,00000000000000006000000000000000,5,5,5,5
176,00000000000000060000000000000000,3,3,3,3
177,00000000000000600000000000000000,3,3,3,3
178,00000000000006000000000000000000,3,3,3,3
179,00000000000060000000000000000000,3,3,3,3
180,00000000000600000000000000000000,6,6,6,6
181,00000000006000000000000000000000,6,6,6,6
182,00000000060000000000000000000000,5,5,5,5
183,00000000600000000000000000000000,5,5,5,5
184,00000006000000000000000000000000,3,3,3,3
185,00000060000000000000000000000000,3,3,3,3
186,00000600000000000000000000000000,3,3,3,3
187,00006000000000000000000000000000,3,3,3,3
188,00060000000000000000000000000000,6,6,6,6
189,00600000000000000000000000000000,6,6,6,6
190,06000000000000000000000000000000,5,5,5,5
191,60000000000000000000000000000000,5,5,5,5
192,00000000000000000000000000000007,5,5,5,5
193,00000000000000000000000000000070,5,5,5,5
194,00000000000000000000000000000700,3,3,3,3
195,00000000000000000000000000007000,3,3,3,3
196,00000000000000000000000000070000,6,6,6,6
197,00000000000000000000000000700000,6,6,6,6
198,00000000000000000000000007000000,5,5,5,5
199,00000000000000000000000070000000,5,5,5,5
200,00000000000000000000000700000000,6,6,6,6
201,00000000000000000000007000000000,6,6,6,6
202,00000000000000000000070000000000,3,3,3,3
203,00000000000000000000700000000000,3,3,3,3
204,00000000000000000007000000000000,6,6,6,6
205,00000000000000000070000000000000,6,6,6,6
206,00000000000000000700000000000000,5,5,5,5
207,00000000000000007000000000000000,5,5,5,5
208,00000000000000070000000000000000,6,6,6,6
209,00000000000000700000000000000000,6,6,6,6
210,00000000000007000000000000000000,3,3,3,3
211,00000000000070000000000000000000,3,3,3,3
212,00000000000700000000000000000000,6,6,6,6
213,00000000007000000000000000000000,6,6,6,6
214,00000000070000000000000000000000,5,5,5,5
215,00000000700000000000000000000000,5,5,5,5
216,00000007000000000000000000000000,6,6,6,6
217,00000070000000000000000000000000,6,6,6,6
218,00000700000000000000000000000000,3,3,3,3
219,00007000000000000000000000000000,3,3,3,3
220,00070000000000000000000000000000,6,6,6,6
221,00700000000000000000000000000000,6,6,6,6
222,07000000000000000000000000000000,5,5,5,5
223,70000000000000000000000000000000,5,5,5,5
224,00000000000000000000000000000008,3,3,3,3
225,00000000000000000000000000000080,2,2,2,2
226,00000000000000000000000000000800,3,3,3,3
227,00000000000000000000000000008000,3,3,3,3
228,00000000000000000000000000080000,3,3,3,3
229,00000000000000000000000000800000,3,3,3,3
230,00000000000000000000000008000000,4,4,4,4
231,00000000000000000000000080000000,4,4,4,4
232,00000000000000000000000800000000,3,3,3,3
233,00000000000000000000008000000000,3,3,3,3
234,00000000000000000000080000000000,3,3,3,3
235,00000000000000000000800000000000,3,3,3,3
236,00000000000000000008000000000000,3,3,3,3
237,00000000000000000080000000000000,3,3,3,3
238,00000000000000000800000000000000,4,4,4,4
239,00000000000000008000000000000000,4,4,4,4
240,00000000000000080000000000000000,3,3,3,3
241,00000000000000800000000000000000,3,3,3,3
242,00000000000008000000000000000000,3,3,3,3
243,00000000000080000000000000000000,3,3,3,3
244,00000000000800000000000000000000,3,3,3,3
245,00000000008000000000000000000000,3,3,3,3
246,00000000080000000000000000000000,4,4,4,4
247,00000000800000000000000000000000,4,4,4,4
248,00000008000000000000000000000000,3,3,3,3
249,00000080000000000000000000000000,3,3,3,3
250,00000800000000000000000000000000,3,3,3,3
251,00008000000000000000000000000000,3,3,3,3
252,00080000000000000000000000000000,3,3,3,3
253,00800000000000000000000000000000,3,3,3,3
254,08000000000000000000000000000000,4,4,4,4
255,80000000000000000000000000000000,4,4,4,4
256,00000000000000000000000000000009,3,3,3,3
257,00000000000000000000000000000090,2,2,2,2
258,00000000000000000000000000000900,5,5,5,5
259,00000000000000000000000000009000,5,5,5,5
260,00000000000000000000000000090000,5,5,5,5
261,00000000000000000000000000900000,5,5,5,5
262,00000000000000000000000009000000,6,6,6,6
263,00000000000000000000000090000000,6,6,6,6
264,00000000000000000000000900000000,3,3,3,3
265,00000000000000000000009000000000,3,3,3,3
266,00000000000000000000090000000000,5,5,5,5
267,00000000000000000000900000000000,5,5,5,5
268,00000000000000000009000000000000,5,5,5,5
269,00000000000000000090000000000000,5,5,5,5
270,00000000000000000900000000000000,6,6,6,6
271,00000000000000009000000000000000,6,6,6,6
272,00000000000000090000000000000000,3,3,3,3
273,00000000000000900000000000000000,3,3,3,3
274,00000000000009000000000000000000,5,5,5,5
275,00000000000090000000000000000000,5,5,5,5
276,00000000000900000000000000000000,5,5,5,5
277,00000000009000000000000000000000,5,5,5,5
278,00000000090000000000000000000000,6,6,6,6
279,00000000900000000000000000000000,6,6,6,6
280,00000009000000000000000000000000,3,3,3,3
281,00000090000000000000000000000000,3,3,3,3
282,00000900000000000000000000000000,5,5,5,5
283,00009000000000000000000000000000,5,5,5,5
284,00090000000000000000000000000000,5,5,5,5
285,00900000000000000000000000000000,5,5,5,5
286,09000000000000000000000000000000,6,6,6,6
287,90000000000000000000000000000000,6,6,6,6
288,0000000000000000000000000000000a,4,4,4,4
289,000000000000000000000000000000a0,4,4,4,4
290,00000000000000000000000000000a00,6,6,6,6
291,0000000000000000000000000000a000,6,6,6,6
292,000000000000000000000000000a0000,5,5,5,5
293,00000000000000000000000000a00000,5,5,5,5
294,0000000000000000000000000a000000,3,3,3,3
295,000000000000000000000000a0000000,3,3,3,3
296,00000000000000000000000a00000000,5,5,5,5
297,0000000000000000000000a000000000,5,5,5,5
298,000000000000000000000a0000000000,6,6,6,6
299,00000000000000000000a00000000000,6,6,6,6
300,0000000000000000000a000000000000,5,5,5,5
301,000000000000000000a0000000000000,5,5,5,5
302,00000000000000000a00000000000000,3,3,3,3
303,0000000000000000a000000000000000,3,3,3,3
304,000000000000000a0000000000000000,5,5,5,5
305,00000000000000a00000000000000000,5,5,5,5
306,0000000000000a000000000000000000,6,6,6,6
307,000000000000a0000000000000000000,6,6,6,6
308,00000000000a00000000000000000000,5,5,5,5
309,0000000000a000000000000000000000,5,5,5,5
310,000000000a0000000000000000000000,3,3,3,3
311,00000000a00000000000000000000000,3,3,3,3
312,0000000a000000000000000000000000,5,5,5,5
313,000000a0000000000000000000000000,5,5,5,5
314,00000a00000000000000000000000000,6,6,6,6
315,0000a000000000000000000000000000,6,6,6,6
316,000a0000000000000000000000000000,5,5,5,5
317,00a00000000000000000000000000000,5,5,5,5
318,0a000000000000000000000000000000,3,3,3,3
319,a0000000000000000000000000000000,3,3,3,3
320,0000000000000000000000000000000b,4,4,4,4
321,000000000000000000000000000000b0,4,4,4,4
322,00000000000000000000000000000b00,5,5,5,5
323,0000000000000000000000000000b000,5,5,5,5
324,000000000000000000000000000b0000,5,5,5,5
325,00000000000000000000000000b00000,5,5,5,5
326,0000000000000000000000000b000000,5,5,5,5
327,000000000000000000000000b0000000,5,5,5,5
328,00000000000000000000000b00000000,5,5,5,5
329,0000000000000000000000b000000000,5,5,5,5
330,000000000000000000000b0000000000,5,5,5,5
331,00000000000000000000b00000000000,5,5,5,5
332,0000000000000000000b000000000000,5,5,5,5
333,000000000000000000b0000000000000,5,5,5,5
334,00000000000000000b00000000000000,5,5,5,5
335,0000000000000000b000000000000000,5,5,5,5
336,000000000000000b0000000000000000,5,5,5,5
337,00000000000000b00000000000000000,5,5,5,5
338,0000000000000b000000000000000000,5,5,5,5
339,000000000000b0000000000000000000,5,5,5,5
340,00000000000b00000000000000000000,5,5,5,5
341,0000000000b000000000000000000000,5,5,5,5
342,000000000b0000000000000000000000,5,5,5,5
343,00000000b00000000000000000000000,5,5,5,5
344,0000000b000000000000000000000000,5,5,5,5
345,000000b0000000000000000000000000,5,5,5,5
346,00000b00000000000000000000000000,5,5,5,5
347,0000b000000000000000000000000000,5,5,5,5
348,000b0000000000000000000000000000,5,5,5,5
349,00b00000000000000000000000000000,5,5,5,5
350,0b000000000000000000000000000000,5,5,5,5
351,b0000000000000000000000000000000,5,5,5,5
352,0000000000000000000000000000000c,4,4,4,4
353,000000000000000000000000000000c0,4,4,4,4
354,00000000000000000000000000000c00,5,5,5,5
355,0000000000000000000000000000c000,5,5,5,5
356,000000000000000000000000000c0000,3,3,3,3
357,00000000000000000000000000c00000,3,3,3,3
358,0000000000000000000000000c000000,6,6,6,6
359,000000000000000000000000c0000000,6,6,6,6
360,00000000000000000000000c00000000,5,5,5,5
361,0000000000000000000000c000000000,5,5,5,5
362,000000000000000000000c0000000000,5,5,5,5
363,00000000000000000000c00000000000,5,5,5,5
364,0000000000000000000c000000000000,3,3,3,3
365,000000000000000000c0000000000000,3,3,3,3
366,00000000000000000c00000000000000,6,6,6,6
367,0000000000000000c000000000000000,6,6,6,6
368,000000000000000c0000000000000000,5,5,5,5
369,00000000000000c00000000000000000,5,5,5,5
370,0000000000000c000000000000000000,5,5,5,5
371,000000000000c0000000000000000000,5,5,5,5
372,00000000000c00000000000000000000,3,3,3,3
373,0000000000c000000000000000000000,3,3,3,3
374,000000000c0000000000000000000000,6,6,6,6
375,00000000c00000000000000000000000,6,6,6,6
376,0000000c000000000000000000000000,5,5,5,5
377,000000c0000000000000000000000000,5,5,5,5
378,00000c00000000000000000000000000,5,5,5,5
379,0000c000000000000000000000000000,5,5,5,5
380,000c0000000000000000000000000000,3,3,3,3
381,00c00000000000000000000000000000,3,3,3,3
382,0c000000000000000000000000000000,6,6,6,6
383,c0000000000000000000000000000000,6,6,6,6
384,0000000000000000000000000000000d,4,4,4,4
385,000000000000000000000000000000d0,4,4,4,4
386,00000000000000000000000000000d00,5,5,5,5
387,0000000000000000000000000000d000,5,5,5,5
388,000000000000000000000000000d0000,5,5,5,5
389,00000000000000000000000000d00000,5,5,5,5
390,0000000000000000000000000d000000,6,6,6,6
391,000000000000000000000000d0000000,6,6,6,6
392,00000000000000000000000d00000000,5,5,5,5
393,0000000000000000000000d000000000,5,5,5,5
394,000000000000000000000d0000000000,5,5,5,5
395,00000000000000000000d00000000000,5,5,5,5
396,0000000000000000000d000000000000,5,5,5,5
397,000000000000000000d0000000000000,5,5,5,5
398,00000000000000000d00000000000000,6,6,6,6
399,0000000000000000d000000000000000,6,6,6,6
400,000000000000000d0000000000000000,5,5,5,5
401,00000000000000d00000000000000000,5,5,5,5
402,0000000000000d000000000000000000,5,5,5,5
403,000000000000d0000000000000000000,5,5,5,5
404,00000000000d00000000000000000000,5,5,5,5
405,0000000000d000000000000000000000,5,5,5,5
406,000000000d0000000000000000000000,6,6,6,6
407,00000000d00000000000000000000000,6,6,6,6
408,0000000d000000000000000000000000,5,5,5,5
409,000000d0000000000000000000000000,5,5,5,5
410,00000d00000000000000000000000000,5,5,5,5
411,0000d000000000000000000000000000,5,5,5,5
412,000d0000000000000000000000000000,5,5,5,5
413,00d00000000000000000000000000000,5,5,5,5
414,0d000000000000000000000000000000,6,6,6,6
415,d0000000000000000000000000000000,6,6,6,6
416,0000000000000000000000000000000e,4,4,4,4
417,000000000000000000000000000000e0,4,4,4,4
418,00000000000000000000000000000e00,5,5,5,5
419,0000000000000000000000000000e000,5,5,5,5
420,000000000000000000000000000e0000,5,5,5,5
421,00000000000000000000000000e00000,5,5,5,5
422,0000000000000000000000000e000000,5,5,5,5
423,000000000000000000000000e0000000,5,5,5,5
424,00000000000000000000000e00000000,5,5,5,5
425,0000000000000000000000e000000000,5,5,5,5
426,000000000000000000000e0000000000,5,5,5,5
427,00000000000000000000e00000000000,5,5,5,5
428,0000000000000000000e000000000000,5,5,5,5
429,000000000000000000e0000000000000,5,5,5,5
430,00000000000000000e00000000000000,5,5,5,5
431,0000000000000000e000000000000000,5,5,5,5
432,000000000000000e0000000000000000,5,5,5,5
433,00000000000000e00000000000000000,5,5,5,5
434,0000000000000e000000000000000000,5,5,5,5
435,000000000000e0000000000000000000,5,5,5,5
436,00000000000e00000000000000000000,5,5,5,5
437,0000000000e000000000000000000000,5,5,5,5
438,000000000e0000000000000000000000,5,5,5,5
439,00000000e00000000000000000000000,5,5,5,5
440,0000000e000000000000000000000000,5,5,5,5
441,000000e0000000000000000000000000,5,5,5,5
442,00000e00000000000000000000000000,5,5,5,5
443,0000e000000000000000000000000000,5,5,5,5
444,000e0000000000000000000000000000,5,5,5,5
445,00e00000000000000000000000000000,5,5,5,5
446,0e000000000000000000000000000000,5,5,5,5
447,e0000000000000000000000000000000,5,5,5,5
448,0000000000000000000000000000000f,4,4,4,4
449,000000000000000000000000000000f0,4,4,4,4
450,00000000000000000000000000000f00,5,5,5,5
451,0000000000000000000000000000f000,5,5,5,5
452,000000000000000000000000000f0000,5,5,5,5
453,00000000000000000000000000f00000,5,5,5,5
454,0000000000000000000000000f000000,5,5,5,5
455,000000000000000000000000f0000000,5,5,5,5
456,00000000000000000000000f00000000,5,5,5,5
457,0000000000000000000000f000000000,5,5,5,5
458,000000000000000000000f0000000000,5,5,5,5
459,00000000000000000000f00000000000,5,5,5,5
460,0000000000000000000f000000000000,5,5,5,5
461,000000000000000000f0000000000000,5,5,5,5
462,00000000000000000f00000000000000,5,5,5,5
463,0000000000000000f000000000000000,5,5,5,5
464,000000000000000f0000000000000000,5,5,5,5
465,00000000000000f00000000000000000,5,5,5,5
466,0000000000000f000000000000000000,5,5,5,5
467,000000000000f0000000000000000000,5,5,5,5
468,00000000000f00000000000000000000,5,5,5,5
469,0000000000f000000000000000000000,5,5,5,5
470,000000000f0000000000000000000000,5,5,5,5
471,00000000f00000000000000000000000,5,5,5,5
472,0000000f000000000000000000000000,5,5,5,5
473,000000f0000000000000000000000000,5,5,5,5
474,00000f00000000000000000000000000,5,5,5,5
475,0000f000000000000000000000000000,5,5,5,5
476,000f0000000000000000000000000000,5,5,5,5
477,00f00000000000000000000000000000,5,5,5,5
478,0f000000000000000000000000000000,5,5,5,5
479,f0000000000000000000000000000000,5,5,5,5
