,Input_diff,Round0,Round1,Round2,Round3
0,00000000000000000000000000000001,11,11,11,11
1,00000000000000000000000000000010,11,11,11,11
2,00000000000000000000000000000100,11,11,11,11
3,00000000000000000000000000001000,11,11,11,11
4,00000000000000000000000000010000,11,11,11,11
5,00000000000000000000000000100000,11,11,11,11
6,00000000000000000000000001000000,11,11,11,11
7,00000000000000000000000010000000,11,11,11,11
8,00000000000000000000000100000000,11,11,11,11
9,00000000000000000000001000000000,11,11,11,11
10,00000000000000000000010000000000,11,11,11,11
11,00000000000000000000100000000000,11,11,11,11
12,00000000000000000001000000000000,11,11,11,11
13,00000000000000000010000000000000,11,11,11,11
14,00000000000000000100000000000000,11,11,11,11
15,00000000000000001000000000000000,11,11,11,11
16,00000000000000010000000000000000,11,11,11,11
17,00000000000000100000000000000000,11,11,11,11
18,00000000000001000000000000000000,11,11,11,11
19,00000000000010000000000000000000,11,11,11,11
20,00000000000100000000000000000000,11,11,11,11
21,00000000001000000000000000000000,11,11,11,11
22,00000000010000000000000000000000,11,11,11,11
23,00000000100000000000000000000000,11,11,11,11
24,00000001000000000000000000000000,11,11,11,11
25,00000010000000000000000000000000,11,11,11,11
26,00000100000000000000000000000000,11,11,11,11
27,00001000000000000000000000000000,11,11,11,11
28,00010000000000000000000000000000,11,11,11,11
29,00100000000000000000000000000000,11,11,11,11
30,01000000000000000000000000000000,11,11,11,11
31,10000000000000000000000000000000,11,11,11,11
32,00000000000000000000000000000002,11,11,11,11
33,00000000000000000000000000000020,11,11,11,11
34,00000000000000000000000000000200,11,11,11,11
35,00000000000000000000000000002000,11,11,11,11
36,00000000000000000000000000020000,11,11,11,11
37,00000000000000000000000000200000,11,11,11,11
38,00000000000000000000000002000000,11,11,11,11
39,00000000000000000000000020000000,11,11,11,11
40,00000000000000000000000200000000,11,11,11,11
41,00000000000000000000002000000000,11,11,11,11
42,00000000000000000000020000000000,11,11,11,11
43,00000000000000000000200000000000,11,11,11,11
44,00000000000000000002000000000000,11,11,11,11
45,00000000000000000020000000000000,11,11,11,11
46,00000000000000000200000000000000,11,11,11,11
47,00000000000000002000000000000000,11,11,11,11
48,00000000000000020000000000000000,11,11,11,11
49,00000000000000200000000000000000,11,11,11,11
50,00000000000002000000000000000000,11,11,11,11
51,00000000000020000000000000000000,11,11,11,11
52,00000000000200000000000000000000,11,11,11,11
53,00000000002000000000000000000000,11,11,11,11
54,00000000020000000000000000000000,11,11,11,11
55,00000000200000000000000000000000,11,11,11,11
56,00000002000000000000000000000000,11,11,11,11
57,00000020000000000000000000000000,11,11,11,11
58,00000200000000000000000000000000,11,11,11,11
59,00002000000000000000000000000000,11,11,11,11
60,00020000000000000000000000000000,11,11,11,11
61,00200000000000000000000000000000,11,11,11,11
62,02000000000000000000000000000000,11,11,11,11
63,20000000000000000000000000000000,11,11,11,11
64,00000000000000000000000000000003,14,16,16,15
65,00000000000000000000000000000030,14,16,16,15
66,00000000000000000000000000000300,11,11,11,11
67,00000000000000000000000000003000,11,11,11,11
68,00000000000000000000000000030000,11,11,11,11
69,00000000000000000000000000300000,11,11,11,11
70,00000000000000000000000003000000,13,14,13,14
71,00000000000000000000000030000000,13,14,13,14
72,00000000000000000000000300000000,13,16,14,16
73,00000000000000000000003000000000,13,16,14,16
74,00000000000000000000030000000000,11,11,11,11
75,00000000000000000000300000000000,11,11,11,11
76,00000000000000000003000000000000,11,11,11,11
77,00000000000000000030000000000000,11,11,11,11
78,00000000000000000300000000000000,13,13,14,13
79,00000000000000003000000000000000,13,13,14,13
80,00000000000000030000000000000000,16,13,16,14
81,00000000000000300000000000000000,16,13,16,14
82,00000000000003000000000000000000,11,11,11,11
83,00000000000030000000000000000000,11,11,11,11
84,00000000000300000000000000000000,11,11,11,11
85,00000000003000000000000000000000,11,11,11,11
86,00000000030000000000000000000000,14,13,13,13
87,00000000300000000000000000000000,14,13,13,13
88,00000003000000000000000000000000,16,13,13,13
89,00000030000000000000000000000000,16,13,13,13
90,00000300000000000000000000000000,11,11,11,11
91,00003000000000000000000000000000,11,11,11,11
92,00030000000000000000000000000000,11,11,11,11
93,00300000000000000000000000000000,11,11,11,11
94,03000000000000000000000000000000,13,13,13,13
95,30000000000000000000000000000000,13,13,13,13
96,00000000000000000000000000000004,11,11,11,11
97,00000000000000000000000000000040,11,11,11,11
98,00000000000000000000000000000400,11,11,11,11
99,00000000000000000000000000004000,11,11,11,11
100,00000000000000000000000000040000,11,11,11,11
101,00000000000000000000000000400000,11,11,11,11
102,00000000000000000000000004000000,11,11,11,11
103,00000000000000000000000040000000,11,11,11,11
104,00000000000000000000000400000000,11,11,11,11
105,00000000000000000000004000000000,11,11,11,11
106,00000000000000000000040000000000,11,11,11,11
107,00000000000000000000400000000000,11,11,11,11
108,00000000000000000004000000000000,11,11,11,11
109,00000000000000000040000000000000,11,11,11,11
110,00000000000000000400000000000000,11,11,11,11
111,00000000000000004000000000000000,11,11,11,11
112,00000000000000040000000000000000,11,11,11,11
113,00000000000000400000000000000000,11,11,11,11
114,00000000000004000000000000000000,11,11,11,11
115,00000000000040000000000000000000,11,11,11,11
116,00000000000400000000000000000000,11,11,11,11
117,00000000004000000000000000000000,11,11,11,11
118,00000000040000000000000000000000,11,11,11,11
119,00000000400000000000000000000000,11,11,11,11
120,00000004000000000000000000000000,11,11,11,11
121,00000040000000000000000000000000,11,11,11,11
122,00000400000000000000000000000000,11,11,11,11
123,00004000000000000000000000000000,11,11,11,11
124,00040000000000000000000000000000,11,11,11,11
125,00400000000000000000000000000000,11,11,11,11
126,04000000000000000000000000000000,11,11,11,11
127,40000000000000000000000000000000,11,11,11,11
128,00000000000000000000000000000005,16,17,17,17
129,00000000000000000000000000000050,16,17,17,17
130,00000000000000000000000000000500,11,11,11,11
131,00000000000000000000000000005000,11,11,11,11
132,00000000000000000000000000050000,16,18,17,18
133,00000000000000000000000000500000,16,18,17,18
134,00000000000000000000000005000000,11,11,11,11
135,00000000000000000000000050000000,11,11,11,11
136,00000000000000000000000500000000,17,18,16,17
137,00000000000000000000005000000000,17,18,16,17
138,00000000000000000000050000000000,11,11,11,11
139,00000000000000000000500000000000,11,11,11,11
140,00000000000000000005000000000000,17,16,15,17
141,00000000000000000050000000000000,17,16,15,17
142,00000000000000000500000000000000,11,11,11,11
143,00000000000000005000000000000000,11,11,11,11
144,00000000000000050000000000000000,18,17,18,16
145,00000000000000500000000000000000,18,17,18,16
146,00000000000005000000000000000000,11,11,11,11
147,00000000000050000000000000000000,11,11,11,11
148,00000000000500000000000000000000,18,16,18,16
149,00000000005000000000000000000000,18,16,18,16
150,00000000050000000000000000000000,11,11,11,11
151,00000000500000000000000000000000,11,11,11,11
152,00000005000000000000000000000000,17,15,17,17
153,00000050000000000000000000000000,17,15,17,17
154,00000500000000000000000000000000,11,11,11,11
155,00005000000000000000000000000000,11,11,11,11
156,00050000000000000000000000000000,16,17,17,17
157,00500000000000000000000000000000,16,17,17,17
158,05000000000000000000000000000000,11,11,11,11
159,50000000000000000000000000000000,11,11,11,11
160,00000000000000000000000000000006,11,11,11,11
161,00000000000000000000000000000060,11,11,11,11
162,00000000000000000000000000000600,11,11,11,11
163,00000000000000000000000000006000,11,11,11,11
164,00000000000000000000000000060000,14,16,13,16
165,00000000000000000000000000600000,14,16,13,16
166,00000000000000000000000006000000,13,14,13,14
167,00000000000000000000000060000000,13,14,13,14
168,00000000000000000000000600000000,11,11,11,11
169,00000000000000000000006000000000,11,11,11,11
170,00000000000000000000060000000000,11,11,11,11
171,00000000000000000000600000000000,11,11,11,11
172,00000000000000000006000000000000,16,13,14,13
173,00000000000000000060000000000000,16,12,13,13
174,00000000000000000600000000000000,13,13,14,13
175,00000000000000006000000000000000,13,13,14,13
176,00000000000000060000000000000000,11,11,11,11
177,00000000000000600000000000000000,11,11,11,11
178,00000000000006000000000000000000,11,11,11,11
179,00000000000060000000000000000000,11,11,11,11
180,00000000000600000000000000000000,16,14,16,14
181,00000000006000000000000000000000,16,14,16,14
182,00000000060000000000000000000000,14,13,13,13
183,00000000600000000000000000000000,14,13,13,13
184,00000006000000000000000000000000,11,11,11,11
185,00000060000000000000000000000000,11,11,11,11
186,00000600000000000000000000000000,11,11,11,11
187,00006000000000000000000000000000,11,11,11,11
188,00060000000000000000000000000000,13,16,16,16
189,00600000000000000000000000000000,12,16,16,16
190,06000000000000000000000000000000,13,13,13,13
191,60000000000000000000000000000000,13,13,13,13
192,00000000000000000000000000000007,16,16,16,15
193,00000000000000000000000000000070,16,16,16,15
194,00000000000000000000000000000700,12,11,11,11
195,00000000000000000000000000007000,12,11,11,11
196,00000000000000000000000000070000,16,16,13,16
197,00000000000000000000000000700000,16,16,13,16
198,00000000000000000000000007000000,13,14,16,14
199,00000000000000000000000070000000,13,14,16,14
200,00000000000000000000000700000000,13,16,16,16
201,00000000000000000000007000000000,13,16,16,16
202,00000000000000000000070000000000,11,12,12,11
203,00000000000000000000700000000000,11,12,12,11
204,00000000000000000007000000000000,16,13,15,13
205,00000000000000000070000000000000,16,12,15,13
206,00000000000000000700000000000000,16,16,14,16
207,00000000000000007000000000000000,16,16,14,16
208,00000000000000070000000000000000,16,13,16,16
209,00000000000000700000000000000000,16,13,16,16
210,00000000000007000000000000000000,11,11,11,12
211,00000000000070000000000000000000,11,11,11,12
212,00000000000700000000000000000000,16,16,16,16
213,00000000007000000000000000000000,16,16,16,16
214,00000000070000000000000000000000,14,13,13,13
215,00000000700000000000000000000000,14,13,13,13
216,00000007000000000000000000000000,16,15,13,13
217,00000070000000000000000000000000,16,15,13,13
218,00000700000000000000000000000000,11,11,11,11
219,00007000000000000000000000000000,11,11,11,11
220,00070000000000000000000000000000,13,16,16,16
221,00700000000000000000000000000000,12,16,16,16
222,07000000000000000000000000000000,16,16,16,16
223,70000000000000000000000000000000,16,16,16,16
224,00000000000000000000000000000008,11,11,11,11
225,00000000000000000000000000000080,11,11,11,11
226,00000000000000000000000000000800,11,11,11,11
227,00000000000000000000000000008000,11,11,11,11
228,00000000000000000000000000080000,11,11,11,11
229,00000000000000000000000000800000,11,11,11,11
230,00000000000000000000000008000000,11,11,11,11
231,00000000000000000000000080000000,11,11,11,11
232,00000000000000000000000800000000,11,11,11,11
233,00000000000000000000008000000000,11,11,11,11
234,00000000000000000000080000000000,11,11,11,11
235,00000000000000000000800000000000,11,11,11,11
236,00000000000000000008000000000000,11,11,11,11
237,00000000000000000080000000000000,11,11,11,11
238,00000000000000000800000000000000,11,11,11,11
239,00000000000000008000000000000000,11,11,11,11
240,00000000000000080000000000000000,11,11,11,11
241,00000000000000800000000000000000,11,11,11,11
242,00000000000008000000000000000000,11,11,11,11
243,00000000000080000000000000000000,11,11,11,11
244,00000000000800000000000000000000,11,11,11,11
245,00000000008000000000000000000000,11,11,11,11
246,00000000080000000000000000000000,11,11,11,11
247,00000000800000000000000000000000,11,11,11,11
248,00000008000000000000000000000000,11,11,11,11
249,00000080000000000000000000000000,11,11,11,11
250,00000800000000000000000000000000,11,11,11,11
251,00008000000000000000000000000000,11,11,11,11
252,00080000000000000000000000000000,11,11,11,11
253,00800000000000000000000000000000,11,11,11,11
254,08000000000000000000000000000000,11,11,11,11
255,80000000000000000000000000000000,11,11,11,11
256,00000000000000000000000000000009,11,11,11,11
257,00000000000000000000000000000090,11,11,11,11
258,00000000000000000000000000000900,14,15,14,14
259,00000000000000000000000000009000,14,15,15,14
260,00000000000000000000000000090000,13,15,12,15
261,00000000000000000000000000900000,13,15,12,15
262,00000000000000000000000009000000,14,15,14,15
263,00000000000000000000000090000000,14,15,14,15
264,00000000000000000000000900000000,11,11,11,11
265,00000000000000000000009000000000,11,11,11,11
266,00000000000000000000090000000000,15,14,14,14
267,00000000000000000000900000000000,15,14,14,15
268,00000000000000000009000000000000,15,11,12,12
269,00000000000000000090000000000000,15,12,13,12
270,00000000000000000900000000000000,14,14,15,14
271,00000000000000009000000000000000,14,14,15,14
272,00000000000000090000000000000000,11,11,11,11
273,00000000000000900000000000000000,11,11,11,11
274,00000000000009000000000000000000,13,15,14,14
275,00000000000090000000000000000000,13,15,14,14
276,00000000000900000000000000000000,15,13,15,13
277,00000000009000000000000000000000,15,13,15,13
278,00000000090000000000000000000000,15,14,14,14
279,00000000900000000000000000000000,15,14,14,14
280,00000009000000000000000000000000,11,11,11,11
281,00000090000000000000000000000000,11,11,11,11
282,00000900000000000000000000000000,15,14,15,15
283,00009000000000000000000000000000,15,14,15,15
284,00090000000000000000000000000000,11,15,15,15
285,00900000000000000000000000000000,12,15,15,15
286,09000000000000000000000000000000,14,14,14,14
287,90000000000000000000000000000000,14,14,14,14
288,0000000000000000000000000000000a,14,15,15,15
289,000000000000000000000000000000a0,14,15,15,15
290,00000000000000000000000000000a00,14,16,15,14
291,0000000000000000000000000000a000,14,16,15,14
292,000000000000000000000000000a0000,14,16,13,16
293,00000000000000000000000000a00000,14,16,13,16
294,0000000000000000000000000a000000,12,13,12,15
295,000000000000000000000000a0000000,12,13,12,15
296,00000000000000000000000a00000000,13,16,14,15
297,0000000000000000000000a000000000,13,16,14,15
298,000000000000000000000a0000000000,16,14,14,15
299,00000000000000000000a00000000000,16,14,14,15
300,0000000000000000000a000000000000,15,12,13,13
301,000000000000000000a0000000000000,15,12,13,13
302,00000000000000000a00000000000000,12,12,13,12
303,0000000000000000a000000000000000,12,12,13,12
304,000000000000000a0000000000000000,16,13,16,14
305,00000000000000a00000000000000000,16,13,16,14
306,0000000000000a000000000000000000,13,16,14,14
307,000000000000a0000000000000000000,13,16,14,14
308,00000000000a00000000000000000000,16,14,16,14
309,0000000000a000000000000000000000,16,14,16,14
310,000000000a0000000000000000000000,15,14,14,12
311,00000000a00000000000000000000000,15,14,14,12
312,0000000a000000000000000000000000,15,13,13,13
313,000000a0000000000000000000000000,15,13,13,13
314,00000a00000000000000000000000000,16,14,16,16
315,0000a000000000000000000000000000,16,14,16,16
316,000a0000000000000000000000000000,12,15,15,15
317,00a00000000000000000000000000000,12,15,15,15
318,0a000000000000000000000000000000,12,12,12,12
319,a0000000000000000000000000000000,12,12,12,12
320,0000000000000000000000000000000b,14,15,15,15
321,000000000000000000000000000000b0,14,15,15,15
322,00000000000000000000000000000b00,14,15,14,15
323,0000000000000000000000000000b000,14,15,15,15
324,000000000000000000000000000b0000,16,16,13,16
325,00000000000000000000000000b00000,16,16,13,16
326,0000000000000000000000000b000000,16,17,16,17
327,000000000000000000000000b0000000,16,17,16,17
328,00000000000000000000000b00000000,13,16,14,15
329,0000000000000000000000b000000000,13,16,14,15
330,000000000000000000000b0000000000,15,14,14,14
331,00000000000000000000b00000000000,15,14,14,15
332,0000000000000000000b000000000000,15,12,15,13
333,000000000000000000b0000000000000,15,12,15,13
334,00000000000000000b00000000000000,16,16,17,16
335,0000000000000000b000000000000000,16,16,17,16
336,000000000000000b0000000000000000,16,13,16,14
337,00000000000000b00000000000000000,16,13,16,14
338,0000000000000b000000000000000000,14,15,15,14
339,000000000000b0000000000000000000,14,15,15,14
340,00000000000b00000000000000000000,16,16,16,16
341,0000000000b000000000000000000000,16,16,16,16
342,000000000b0000000000000000000000,17,16,16,16
343,00000000b00000000000000000000000,17,16,16,16
344,0000000b000000000000000000000000,15,13,13,13
345,000000b0000000000000000000000000,15,13,13,13
346,00000b00000000000000000000000000,15,15,15,15
347,0000b000000000000000000000000000,15,15,15,15
348,000b0000000000000000000000000000,12,15,15,15
349,00b00000000000000000000000000000,12,15,15,15
350,0b000000000000000000000000000000,16,16,16,16
351,b0000000000000000000000000000000,16,16,16,16
352,0000000000000000000000000000000c,13,15,15,14
353,000000000000000000000000000000c0,13,15,15,14
354,00000000000000000000000000000c00,14,15,14,14
355,0000000000000000000000000000c000,14,15,15,14
356,000000000000000000000000000c0000,11,11,11,11
357,00000000000000000000000000c00000,11,11,11,11
358,0000000000000000000000000c000000,14,15,14,15
359,000000000000000000000000c0000000,14,15,14,15
360,00000000000000000000000c00000000,12,15,13,15
361,0000000000000000000000c000000000,12,15,13,15
362,000000000000000000000c0000000000,15,14,14,14
363,00000000000000000000c00000000000,15,14,14,15
364,0000000000000000000c000000000000,11,11,11,11
365,000000000000000000c0000000000000,11,11,11,11
366,00000000000000000c00000000000000,14,14,15,14
367,0000000000000000c000000000000000,14,14,15,14
368,000000000000000c0000000000000000,15,12,15,13
369,00000000000000c00000000000000000,15,12,15,13
370,0000000000000c000000000000000000,13,15,14,14
371,000000000000c0000000000000000000,13,15,14,14
372,00000000000c00000000000000000000,11,11,11,11
373,0000000000c000000000000000000000,11,11,11,11
374,000000000c0000000000000000000000,15,14,14,14
375,00000000c00000000000000000000000,15,14,14,14
376,0000000c000000000000000000000000,15,12,12,12
377,000000c0000000000000000000000000,15,12,12,12
378,00000c00000000000000000000000000,15,14,15,15
379,0000c000000000000000000000000000,15,14,15,15
380,000c0000000000000000000000000000,11,11,11,11
381,00c00000000000000000000000000000,11,11,11,11
382,0c000000000000000000000000000000,14,14,14,14
383,c0000000000000000000000000000000,14,14,14,14
384,0000000000000000000000000000000d,13,15,15,14
385,000000000000000000000000000000d0,13,15,15,14
386,00000000000000000000000000000d00,14,16,15,14
387,0000000000000000000000000000d000,14,16,15,14
388,000000000000000000000000000d0000,13,15,12,15
389,00000000000000000000000000d00000,13,15,12,15
390,0000000000000000000000000d000000,14,15,17,15
391,000000000000000000000000d0000000,14,15,17,15
392,00000000000000000000000d00000000,12,15,13,15
393,0000000000000000000000d000000000,12,15,13,15
394,000000000000000000000d0000000000,16,14,14,15
395,00000000000000000000d00000000000,16,14,14,15
396,0000000000000000000d000000000000,15,11,12,12
397,000000000000000000d0000000000000,15,12,13,12
398,00000000000000000d00000000000000,17,17,15,17
399,0000000000000000d000000000000000,17,17,15,17
400,000000000000000d0000000000000000,15,12,15,13
401,00000000000000d00000000000000000,15,12,15,13
402,0000000000000d000000000000000000,13,16,14,14
403,000000000000d0000000000000000000,13,16,14,14
404,00000000000d00000000000000000000,15,13,15,13
405,0000000000d000000000000000000000,15,13,15,13
406,000000000d0000000000000000000000,15,14,14,14
407,00000000d00000000000000000000000,15,14,14,14
408,0000000d000000000000000000000000,15,12,12,12
409,000000d0000000000000000000000000,15,12,12,12
410,00000d00000000000000000000000000,16,14,16,16
411,0000d000000000000000000000000000,16,14,16,16
412,000d0000000000000000000000000000,11,15,15,15
413,00d00000000000000000000000000000,12,15,15,15
414,0d000000000000000000000000000000,17,17,17,17
415,d0000000000000000000000000000000,17,17,17,17
416,0000000000000000000000000000000e,16,15,15,15
417,000000000000000000000000000000e0,16,15,15,15
418,00000000000000000000000000000e00,14,15,14,15
419,0000000000000000000000000000e000,14,15,15,15
420,000000000000000000000000000e0000,14,16,13,16
421,00000000000000000000000000e00000,14,16,13,16
422,0000000000000000000000000e000000,16,17,16,17
423,000000000000000000000000e0000000,16,17,16,17
424,00000000000000000000000e00000000,13,16,16,15
425,0000000000000000000000e000000000,13,16,16,15
426,000000000000000000000e0000000000,15,14,14,14
427,00000000000000000000e00000000000,15,14,14,15
428,0000000000000000000e000000000000,15,12,13,13
429,000000000000000000e0000000000000,15,13,14,13
430,00000000000000000e00000000000000,16,16,17,16
431,0000000000000000e000000000000000,16,16,17,16
432,000000000000000e0000000000000000,16,13,16,16
433,00000000000000e00000000000000000,16,13,16,16
434,0000000000000e000000000000000000,14,15,15,14
435,000000000000e0000000000000000000,14,15,15,14
436,00000000000e00000000000000000000,16,14,16,14
437,0000000000e000000000000000000000,16,14,16,14
438,000000000e0000000000000000000000,17,16,16,16
439,00000000e00000000000000000000000,17,16,16,16
440,0000000e000000000000000000000000,15,15,13,13
441,000000e0000000000000000000000000,15,15,13,13
442,00000e00000000000000000000000000,15,15,15,15
443,0000e000000000000000000000000000,15,15,15,15
444,000e0000000000000000000000000000,12,15,15,15
445,00e00000000000000000000000000000,13,15,15,15
446,0e000000000000000000000000000000,16,16,16,16
447,e0000000000000000000000000000000,16,16,16,16
448,0000000000000000000000000000000f,16,15,15,15
449,000000000000000000000000000000f0,16,15,15,15
450,00000000000000000000000000000f00,16,16,15,15
451,0000000000000000000000000000f000,16,16,16,15
452,000000000000000000000000000f0000,16,16,13,16
453,00000000000000000000000000f00000,16,16,13,16
454,0000000000000000000000000f000000,16,17,17,17
455,000000000000000000000000f0000000,16,17,17,17
456,00000000000000000000000f00000000,13,16,16,15
457,0000000000000000000000f000000000,13,16,16,15
458,000000000000000000000f0000000000,16,16,16,15
459,00000000000000000000f00000000000,16,16,16,16
460,0000000000000000000f000000000000,15,12,15,13
461,000000000000000000f0000000000000,15,13,15,13
462,00000000000000000f00000000000000,17,17,17,17
463,0000000000000000f000000000000000,17,17,17,17
464,000000000000000f0000000000000000,16,13,16,16
465,00000000000000f00000000000000000,16,13,16,16
466,0000000000000f000000000000000000,14,16,15,16
467,000000000000f0000000000000000000,14,16,15,16
468,00000000000f00000000000000000000,16,16,16,16
469,0000000000f000000000000000000000,16,16,16,16
470,000000000f0000000000000000000000,17,16,16,16
471,00000000f00000000000000000000000,17,16,16,16
472,0000000f000000000000000000000000,15,15,13,13
473,000000f0000000000000000000000000,15,15,13,13
474,00000f00000000000000000000000000,16,15,16,16
475,0000f000000000000000000000000000,16,15,16,16
476,000f0000000000000000000000000000,12,15,15,15
477,00f00000000000000000000000000000,13,15,15,15
478,0f000000000000000000000000000000,17,17,17,17
479,f0000000000000000000000000000000,17,17,17,17
