,Input_diff,Round0,Round1,Round2,Round3
0,00000000000000000000000000000001,30,30,30,31
1,00000000000000000000000000000010,30,30,30,31
2,00000000000000000000000000000100,30,30,30,30
3,00000000000000000000000000001000,30,30,30,30
4,00000000000000000000000000010000,30,30,30,30
5,00000000000000000000000000100000,30,30,30,30
6,00000000000000000000000001000000,30,30,30,30
7,00000000000000000000000010000000,30,30,30,30
8,00000000000000000000000100000000,31,31,30,31
9,00000000000000000000001000000000,31,31,30,31
10,00000000000000000000010000000000,30,30,30,30
11,00000000000000000000100000000000,30,30,30,30
12,00000000000000000001000000000000,30,30,30,30
13,00000000000000000010000000000000,30,30,30,30
14,00000000000000000100000000000000,30,30,30,30
15,00000000000000001000000000000000,30,30,30,30
16,00000000000000010000000000000000,30,30,30,30
17,00000000000000100000000000000000,30,30,30,30
18,00000000000001000000000000000000,30,30,30,30
19,00000000000010000000000000000000,30,30,30,30
20,00000000000100000000000000000000,30,30,30,30
21,00000000001000000000000000000000,30,30,30,30
22,00000000010000000000000000000000,30,30,30,30
23,00000000100000000000000000000000,30,30,30,30
24,00000001000000000000000000000000,31,30,32,30
25,00000010000000000000000000000000,31,30,32,30
26,00000100000000000000000000000000,30,30,30,30
27,00001000000000000000000000000000,30,30,30,30
28,00010000000000000000000000000000,30,30,30,30
29,00100000000000000000000000000000,30,30,30,30
30,01000000000000000000000000000000,30,30,30,30
31,10000000000000000000000000000000,30,30,30,30
32,00000000000000000000000000000002,30,30,30,30
33,00000000000000000000000000000020,30,30,30,30
34,00000000000000000000000000000200,30,30,30,30
35,00000000000000000000000000002000,30,30,30,30
36,00000000000000000000000000020000,30,30,30,30
37,00000000000000000000000000200000,30,30,30,30
38,00000000000000000000000002000000,30,30,30,30
39,00000000000000000000000020000000,30,30,30,30
40,00000000000000000000000200000000,30,30,30,30
41,00000000000000000000002000000000,30,30,30,30
42,00000000000000000000020000000000,30,31,31,30
43,00000000000000000000200000000000,30,31,31,30
44,00000000000000000002000000000000,30,30,30,30
45,00000000000000000020000000000000,30,30,30,30
46,00000000000000000200000000000000,30,30,30,30
47,00000000000000002000000000000000,30,30,30,30
48,00000000000000020000000000000000,30,30,30,30
49,00000000000000200000000000000000,30,30,30,30
50,00000000000002000000000000000000,30,30,30,30
51,00000000000020000000000000000000,30,30,30,31
52,00000000000200000000000000000000,30,30,30,30
53,00000000002000000000000000000000,30,30,30,30
54,00000000020000000000000000000000,30,30,30,30
55,00000000200000000000000000000000,30,30,30,30
56,00000002000000000000000000000000,30,30,30,30
57,00000020000000000000000000000000,30,30,30,30
58,00000200000000000000000000000000,30,30,30,31
59,00002000000000000000000000000000,30,30,30,31
60,00020000000000000000000000000000,30,30,30,30
61,00200000000000000000000000000000,30,30,30,30
62,02000000000000000000000000000000,30,30,30,30
63,20000000000000000000000000000000,30,30,30,30
64,00000000000000000000000000000003,34,37,39,38
65,00000000000000000000000000000030,35,37,38,38
66,00000000000000000000000000000300,30,30,30,30
67,00000000000000000000000000003000,30,30,31,30
68,00000000000000000000000000030000,30,30,30,30
69,00000000000000000000000000300000,30,30,30,30
70,00000000000000000000000003000000,39,32,36,34
71,00000000000000000000000030000000,39,32,36,34
72,00000000000000000000000300000000,35,39,36,41
73,00000000000000000000003000000000,35,39,36,40
74,00000000000000000000030000000000,30,30,30,30
75,00000000000000000000300000000000,30,30,30,30
76,00000000000000000003000000000000,30,30,30,30
77,00000000000000000030000000000000,30,30,30,30
78,00000000000000000300000000000000,36,36,37,34
79,00000000000000003000000000000000,36,36,37,34
80,00000000000000030000000000000000,35,36,36,34
81,00000000000000300000000000000000,35,36,36,34
82,00000000000003000000000000000000,30,30,30,30
83,00000000000030000000000000000000,30,30,30,30
84,00000000000300000000000000000000,30,30,30,30
85,00000000003000000000000000000000,30,30,30,30
86,00000000030000000000000000000000,34,34,35,39
87,00000000300000000000000000000000,35,33,35,39
88,00000003000000000000000000000000,40,38,36,32
89,00000030000000000000000000000000,40,38,36,33
90,00000300000000000000000000000000,30,30,30,30
91,00003000000000000000000000000000,30,30,30,30
92,00030000000000000000000000000000,30,30,30,30
93,00300000000000000000000000000000,30,30,30,30
94,03000000000000000000000000000000,35,35,34,35
95,30000000000000000000000000000000,34,35,34,34
96,00000000000000000000000000000004,30,31,30,30
97,00000000000000000000000000000040,30,31,30,30
98,00000000000000000000000000000400,30,30,30,30
99,00000000000000000000000000004000,30,30,30,30
100,00000000000000000000000000040000,30,30,30,30
101,00000000000000000000000000400000,30,30,30,30
102,00000000000000000000000004000000,30,30,30,30
103,00000000000000000000000040000000,30,30,30,30
104,00000000000000000000000400000000,30,30,30,30
105,00000000000000000000004000000000,30,30,30,30
106,00000000000000000000040000000000,30,30,30,30
107,00000000000000000000400000000000,30,30,30,30
108,00000000000000000004000000000000,30,30,31,30
109,00000000000000000040000000000000,31,30,30,30
110,00000000000000000400000000000000,30,30,30,30
111,00000000000000004000000000000000,30,30,30,30
112,00000000000000040000000000000000,30,30,30,30
113,00000000000000400000000000000000,30,30,30,30
114,00000000000004000000000000000000,30,30,30,30
115,00000000000040000000000000000000,30,30,30,30
116,00000000000400000000000000000000,30,30,30,31
117,00000000004000000000000000000000,30,30,30,31
118,00000000040000000000000000000000,30,30,30,30
119,00000000400000000000000000000000,30,30,30,30
120,00000004000000000000000000000000,30,30,31,30
121,00000040000000000000000000000000,30,30,31,30
122,00000400000000000000000000000000,30,30,30,30
123,00004000000000000000000000000000,30,30,30,30
124,00040000000000000000000000000000,30,31,30,30
125,00400000000000000000000000000000,30,31,30,30
126,04000000000000000000000000000000,30,30,30,30
127,40000000000000000000000000000000,30,30,30,30
128,00000000000000000000000000000005,39,43,43,44
129,00000000000000000000000000000050,39,43,43,44
130,00000000000000000000000000000500,30,30,30,30
131,00000000000000000000000000005000,30,31,30,30
132,00000000000000000000000000050000,41,46,42,45
133,00000000000000000000000000500000,41,46,42,45
134,00000000000000000000000005000000,30,30,30,31
135,00000000000000000000000050000000,30,30,30,31
136,00000000000000000000000500000000,46,48,41,43
137,00000000000000000000005000000000,46,48,41,43
138,00000000000000000000050000000000,30,31,31,30
139,00000000000000000000500000000000,30,31,31,30
140,00000000000000000005000000000000,40,43,44,42
141,00000000000000000050000000000000,40,43,44,42
142,00000000000000000500000000000000,30,30,31,31
143,00000000000000005000000000000000,30,30,31,31
144,00000000000000050000000000000000,44,44,46,41
145,00000000000000500000000000000000,44,44,46,41
146,00000000000005000000000000000000,30,30,30,30
147,00000000000050000000000000000000,30,30,30,31
148,00000000000500000000000000000000,45,41,45,45
149,00000000005000000000000000000000,45,41,45,45
150,00000000050000000000000000000000,30,30,30,30
151,00000000500000000000000000000000,30,31,30,30
152,00000005000000000000000000000000,44,41,44,41
153,00000050000000000000000000000000,44,41,44,41
154,00000500000000000000000000000000,30,30,30,31
155,00005000000000000000000000000000,30,30,31,31
156,00050000000000000000000000000000,45,43,42,42
157,00500000000000000000000000000000,45,43,42,42
158,05000000000000000000000000000000,30,30,31,30
159,50000000000000000000000000000000,30,30,31,30
160,00000000000000000000000000000006,30,30,30,30
161,00000000000000000000000000000060,30,30,30,30
162,00000000000000000000000000000600,30,30,30,30
163,00000000000000000000000000006000,30,30,31,30
164,00000000000000000000000000060000,38,39,33,35
165,00000000000000000000000000600000,37,39,33,36
166,00000000000000000000000006000000,39,32,36,34
167,00000000000000000000000060000000,39,32,36,34
168,00000000000000000000000600000000,30,30,30,30
169,00000000000000000000006000000000,30,30,30,30
170,00000000000000000000060000000000,30,30,30,30
171,00000000000000000000600000000000,30,30,30,30
172,00000000000000000006000000000000,36,35,38,33
173,00000000000000000060000000000000,37,35,37,33
174,00000000000000000600000000000000,36,36,37,34
175,00000000000000006000000000000000,36,36,37,34
176,00000000000000060000000000000000,30,30,30,30
177,00000000000000600000000000000000,30,30,30,30
178,00000000000006000000000000000000,30,30,30,30
179,00000000000060000000000000000000,30,30,30,30
180,00000000000600000000000000000000,38,36,36,38
181,00000000006000000000000000000000,38,37,35,38
182,00000000060000000000000000000000,34,34,35,39
183,00000000600000000000000000000000,35,33,35,39
184,00000006000000000000000000000000,31,30,30,30
185,00000060000000000000000000000000,31,30,30,30
186,00000600000000000000000000000000,30,30,30,30
187,00006000000000000000000000000000,30,30,30,30
188,00060000000000000000000000000000,33,40,36,36
189,00600000000000000000000000000000,33,40,37,37
190,06000000000000000000000000000000,35,35,34,35
191,60000000000000000000000000000000,34,35,34,34
192,00000000000000000000000000000007,36,37,39,38
193,00000000000000000000000000000070,36,37,38,38
194,00000000000000000000000000000700,35,30,32,30
195,00000000000000000000000000007000,34,30,33,30
196,00000000000000000000000000070000,40,39,33,35
197,00000000000000000000000000700000,39,39,33,36
198,00000000000000000000000007000000,39,32,42,43
199,00000000000000000000000070000000,39,32,42,43
200,00000000000000000000000700000000,35,39,36,41
201,00000000000000000000007000000000,35,39,37,40
202,00000000000000000000070000000000,33,35,35,30
203,00000000000000000000700000000000,33,35,35,30
204,00000000000000000007000000000000,36,35,41,33
205,00000000000000000070000000000000,37,35,40,33
206,00000000000000000700000000000000,40,42,41,44
207,00000000000000007000000000000000,40,42,41,44
208,00000000000000070000000000000000,35,36,36,38
209,00000000000000700000000000000000,35,36,36,38
210,00000000000007000000000000000000,33,32,32,35
211,00000000000070000000000000000000,33,32,32,34
212,00000000000700000000000000000000,38,36,36,41
213,00000000007000000000000000000000,38,37,35,41
214,00000000070000000000000000000000,38,42,35,39
215,00000000700000000000000000000000,38,42,35,39
216,00000007000000000000000000000000,40,40,36,32
217,00000070000000000000000000000000,40,40,36,33
218,00000700000000000000000000000000,31,31,30,33
219,00007000000000000000000000000000,31,32,30,33
220,00070000000000000000000000000000,33,40,36,36
221,00700000000000000000000000000000,33,40,37,37
222,07000000000000000000000000000000,41,43,44,38
223,70000000000000000000000000000000,41,43,44,38
224,00000000000000000000000000000008,30,30,30,30
225,00000000000000000000000000000080,30,30,30,30
226,00000000000000000000000000000800,30,30,30,30
227,00000000000000000000000000008000,30,30,30,30
228,00000000000000000000000000080000,30,30,30,30
229,00000000000000000000000000800000,30,30,30,30
230,00000000000000000000000008000000,30,30,30,31
231,00000000000000000000000080000000,30,30,30,31
232,00000000000000000000000800000000,30,30,30,30
233,00000000000000000000008000000000,30,30,30,30
234,00000000000000000000080000000000,30,30,30,30
235,00000000000000000000800000000000,30,30,30,30
236,00000000000000000008000000000000,30,30,30,30
237,00000000000000000080000000000000,30,30,30,30
238,00000000000000000800000000000000,30,30,31,31
239,00000000000000008000000000000000,30,30,31,31
240,00000000000000080000000000000000,30,30,30,30
241,00000000000000800000000000000000,30,30,30,30
242,00000000000008000000000000000000,30,30,30,30
243,00000000000080000000000000000000,30,30,30,30
244,00000000000800000000000000000000,30,30,30,30
245,00000000008000000000000000000000,30,30,30,30
246,00000000080000000000000000000000,30,31,30,30
247,00000000800000000000000000000000,30,30,30,30
248,00000008000000000000000000000000,30,30,30,30
249,00000080000000000000000000000000,30,30,30,30
250,00000800000000000000000000000000,30,30,30,30
251,00008000000000000000000000000000,30,30,30,30
252,00080000000000000000000000000000,30,30,30,30
253,00800000000000000000000000000000,30,30,30,30
254,08000000000000000000000000000000,30,30,31,30
255,80000000000000000000000000000000,30,30,31,30
256,00000000000000000000000000000009,30,30,30,30
257,00000000000000000000000000000090,30,30,30,30
258,00000000000000000000000000000900,35,39,37,35
259,00000000000000000000000000009000,34,38,38,35
260,00000000000000000000000000090000,36,38,32,35
261,00000000000000000000000000900000,37,38,32,34
262,00000000000000000000000009000000,40,33,37,35
263,00000000000000000000000090000000,40,33,37,35
264,00000000000000000000000900000000,30,30,30,30
265,00000000000000000000009000000000,30,30,30,30
266,00000000000000000000090000000000,37,34,34,38
267,00000000000000000000900000000000,37,34,34,38
268,00000000000000000009000000000000,36,34,36,32
269,00000000000000000090000000000000,35,34,37,32
270,00000000000000000900000000000000,37,37,38,35
271,00000000000000009000000000000000,37,37,38,35
272,00000000000000090000000000000000,30,30,30,30
273,00000000000000900000000000000000,30,30,30,30
274,00000000000009000000000000000000,40,38,39,34
275,00000000000090000000000000000000,40,37,39,33
276,00000000000900000000000000000000,37,36,34,37
277,00000000009000000000000000000000,37,35,35,37
278,00000000090000000000000000000000,35,35,36,40
279,00000000900000000000000000000000,36,34,36,40
280,00000009000000000000000000000000,30,31,30,30
281,00000090000000000000000000000000,30,31,30,31
282,00000900000000000000000000000000,39,39,39,38
283,00009000000000000000000000000000,38,38,38,38
284,00090000000000000000000000000000,32,39,36,36
285,00900000000000000000000000000000,32,39,35,35
286,09000000000000000000000000000000,36,36,35,36
287,90000000000000000000000000000000,35,36,35,35
288,0000000000000000000000000000000a,34,37,38,38
289,000000000000000000000000000000a0,34,37,38,38
290,00000000000000000000000000000a00,37,42,38,35
291,0000000000000000000000000000a000,37,42,38,35
292,000000000000000000000000000a0000,37,39,33,35
293,00000000000000000000000000a00000,37,39,33,35
294,0000000000000000000000000a000000,43,46,37,39
295,000000000000000000000000a0000000,43,46,37,39
296,00000000000000000000000a00000000,35,39,36,40
297,0000000000000000000000a000000000,35,39,36,40
298,000000000000000000000a0000000000,42,41,41,42
299,00000000000000000000a00000000000,42,41,41,42
300,0000000000000000000a000000000000,36,35,37,33
301,000000000000000000a0000000000000,36,35,37,33
302,00000000000000000a00000000000000,36,37,40,37
303,0000000000000000a000000000000000,36,37,40,37
304,000000000000000a0000000000000000,35,36,36,34
305,00000000000000a00000000000000000,35,36,36,34
306,0000000000000a000000000000000000,40,38,40,40
307,000000000000a0000000000000000000,40,38,40,40
308,00000000000a00000000000000000000,38,36,35,38
309,0000000000a000000000000000000000,38,36,35,38
310,000000000a0000000000000000000000,41,39,44,39
311,00000000a00000000000000000000000,42,38,44,39
312,0000000a000000000000000000000000,40,38,36,32
313,000000a0000000000000000000000000,40,38,36,32
314,00000a00000000000000000000000000,40,39,42,43
315,0000a000000000000000000000000000,40,39,42,43
316,000a0000000000000000000000000000,33,40,36,36
317,00a00000000000000000000000000000,33,40,36,36
318,0a000000000000000000000000000000,34,36,37,38
319,a0000000000000000000000000000000,34,36,37,37
320,0000000000000000000000000000000b,35,37,38,38
321,000000000000000000000000000000b0,34,37,39,38
322,00000000000000000000000000000b00,35,39,37,40
323,0000000000000000000000000000b000,34,38,38,40
324,000000000000000000000000000b0000,39,39,33,35
325,00000000000000000000000000b00000,39,39,33,36
326,0000000000000000000000000b000000,48,47,43,41
327,000000000000000000000000b0000000,48,47,43,41
328,00000000000000000000000b00000000,35,39,36,40
329,0000000000000000000000b000000000,35,39,36,40
330,000000000000000000000b0000000000,37,34,34,38
331,00000000000000000000b00000000000,37,34,34,38
332,0000000000000000000b000000000000,36,35,40,33
333,000000000000000000b0000000000000,36,35,40,33
334,00000000000000000b00000000000000,41,43,47,44
335,0000000000000000b000000000000000,41,43,47,44
336,000000000000000b0000000000000000,35,36,36,34
337,00000000000000b00000000000000000,35,36,36,34
338,0000000000000b000000000000000000,41,38,39,34
339,000000000000b0000000000000000000,41,37,39,33
340,00000000000b00000000000000000000,38,36,36,41
341,0000000000b000000000000000000000,38,36,35,41
342,000000000b0000000000000000000000,42,41,42,43
343,00000000b00000000000000000000000,43,40,42,43
344,0000000b000000000000000000000000,40,38,36,33
345,000000b0000000000000000000000000,40,38,36,32
346,00000b00000000000000000000000000,39,39,39,38
347,0000b000000000000000000000000000,38,38,38,38
348,000b0000000000000000000000000000,33,40,36,36
349,00b00000000000000000000000000000,33,40,36,36
350,0b000000000000000000000000000000,42,41,44,41
351,b0000000000000000000000000000000,42,41,44,40
352,0000000000000000000000000000000c,34,36,37,37
353,000000000000000000000000000000c0,33,36,38,37
354,00000000000000000000000000000c00,35,39,37,35
355,0000000000000000000000000000c000,34,38,38,35
356,000000000000000000000000000c0000,30,31,31,30
357,00000000000000000000000000c00000,30,31,31,30
358,0000000000000000000000000c000000,40,33,37,35
359,000000000000000000000000c0000000,40,33,37,35
360,00000000000000000000000c00000000,34,38,35,39
361,0000000000000000000000c000000000,34,38,35,40
362,000000000000000000000c0000000000,37,34,34,38
363,00000000000000000000c00000000000,37,34,34,38
364,0000000000000000000c000000000000,30,30,30,31
365,000000000000000000c0000000000000,30,30,30,31
366,00000000000000000c00000000000000,37,37,38,35
367,0000000000000000c000000000000000,37,37,38,35
368,000000000000000c0000000000000000,34,35,35,33
369,00000000000000c00000000000000000,34,35,35,33
370,0000000000000c000000000000000000,40,38,39,34
371,000000000000c0000000000000000000,40,37,39,33
372,00000000000c00000000000000000000,30,30,30,30
373,0000000000c000000000000000000000,30,30,30,30
374,000000000c0000000000000000000000,35,35,36,40
375,00000000c00000000000000000000000,36,34,36,40
376,0000000c000000000000000000000000,39,37,35,32
377,000000c0000000000000000000000000,39,37,35,31
378,00000c00000000000000000000000000,39,39,39,38
379,0000c000000000000000000000000000,38,38,38,38
380,000c0000000000000000000000000000,30,30,30,30
381,00c00000000000000000000000000000,30,30,30,30
382,0c000000000000000000000000000000,36,36,35,36
383,c0000000000000000000000000000000,35,36,35,35
384,0000000000000000000000000000000d,34,36,37,37
385,000000000000000000000000000000d0,33,36,38,37
386,00000000000000000000000000000d00,37,42,38,35
387,0000000000000000000000000000d000,37,42,38,35
388,000000000000000000000000000d0000,36,38,32,35
389,00000000000000000000000000d00000,37,38,32,34
390,0000000000000000000000000d000000,40,33,43,44
391,000000000000000000000000d0000000,40,33,43,44
392,00000000000000000000000d00000000,34,38,35,39
393,0000000000000000000000d000000000,34,38,35,40
394,000000000000000000000d0000000000,44,41,41,43
395,00000000000000000000d00000000000,44,41,41,43
396,0000000000000000000d000000000000,36,34,36,32
397,000000000000000000d0000000000000,35,34,37,32
398,00000000000000000d00000000000000,41,43,42,44
399,0000000000000000d000000000000000,41,43,42,44
400,000000000000000d0000000000000000,34,35,35,33
401,00000000000000d00000000000000000,34,35,35,33
402,0000000000000d000000000000000000,40,38,40,40
403,000000000000d0000000000000000000,40,38,40,40
404,00000000000d00000000000000000000,37,36,34,37
405,0000000000d000000000000000000000,37,35,35,37
406,000000000d0000000000000000000000,39,43,36,40
407,00000000d00000000000000000000000,39,43,36,40
408,0000000d000000000000000000000000,39,37,35,32
409,000000d0000000000000000000000000,39,37,35,31
410,00000d00000000000000000000000000,40,39,42,44
411,0000d000000000000000000000000000,40,39,42,44
412,000d0000000000000000000000000000,32,39,36,36
413,00d00000000000000000000000000000,32,39,35,35
414,0d000000000000000000000000000000,42,44,44,39
415,d0000000000000000000000000000000,42,44,44,39
416,0000000000000000000000000000000e,36,37,38,38
417,000000000000000000000000000000e0,36,37,38,38
418,00000000000000000000000000000e00,35,39,37,40
419,0000000000000000000000000000e000,34,38,38,40
420,000000000000000000000000000e0000,37,39,33,36
421,00000000000000000000000000e00000,38,39,33,35
422,0000000000000000000000000e000000,48,47,43,41
423,000000000000000000000000e0000000,48,47,43,41
424,00000000000000000000000e00000000,35,39,36,40
425,0000000000000000000000e000000000,35,39,36,40
426,000000000000000000000e0000000000,37,34,34,38
427,00000000000000000000e00000000000,37,34,34,38
428,0000000000000000000e000000000000,37,35,37,33
429,000000000000000000e0000000000000,36,35,38,33
430,00000000000000000e00000000000000,41,43,47,44
431,0000000000000000e000000000000000,41,43,47,44
432,000000000000000e0000000000000000,35,36,36,38
433,00000000000000e00000000000000000,35,36,36,38
434,0000000000000e000000000000000000,41,38,39,34
435,000000000000e0000000000000000000,41,37,39,33
436,00000000000e00000000000000000000,38,37,35,38
437,0000000000e000000000000000000000,38,36,36,38
438,000000000e0000000000000000000000,42,41,42,43
439,00000000e00000000000000000000000,43,40,42,43
440,0000000e000000000000000000000000,40,40,36,32
441,000000e0000000000000000000000000,40,40,36,32
442,00000e00000000000000000000000000,39,39,39,38
443,0000e000000000000000000000000000,38,38,38,38
444,000e0000000000000000000000000000,33,40,37,37
445,00e00000000000000000000000000000,33,40,36,36
446,0e000000000000000000000000000000,42,41,44,41
447,e0000000000000000000000000000000,42,41,44,40
448,0000000000000000000000000000000f,36,37,38,38
449,000000000000000000000000000000f0,36,37,39,38
450,00000000000000000000000000000f00,42,42,40,43
451,0000000000000000000000000000f000,41,43,41,43
452,000000000000000000000000000f0000,39,39,33,39
453,00000000000000000000000000f00000,40,39,33,38
454,0000000000000000000000000f000000,50,47,47,46
455,000000000000000000000000f0000000,50,47,47,46
456,00000000000000000000000f00000000,35,40,37,40
457,0000000000000000000000f000000000,35,40,36,40
458,000000000000000000000f0000000000,42,42,42,42
459,00000000000000000000f00000000000,42,42,42,42
460,0000000000000000000f000000000000,37,35,40,33
461,000000000000000000f0000000000000,36,35,41,33
462,00000000000000000f00000000000000,48,47,46,48
463,0000000000000000f000000000000000,48,47,46,48
464,000000000000000f0000000000000000,38,36,39,38
465,00000000000000f00000000000000000,38,36,39,38
466,0000000000000f000000000000000000,44,40,44,42
467,000000000000f0000000000000000000,44,40,44,41
468,00000000000f00000000000000000000,39,37,38,41
469,0000000000f000000000000000000000,39,36,38,41
470,000000000f0000000000000000000000,44,45,46,48
471,00000000f00000000000000000000000,44,45,46,48
472,0000000f000000000000000000000000,40,40,36,33
473,000000f0000000000000000000000000,40,40,36,32
474,00000f00000000000000000000000000,40,43,42,43
475,0000f000000000000000000000000000,40,43,43,43
476,000f0000000000000000000000000000,33,40,37,37
477,00f00000000000000000000000000000,33,40,36,36
478,0f000000000000000000000000000000,46,45,48,47
479,f0000000000000000000000000000000,46,45,48,47
