,Input_diff,Round0,Round1,Round2,Round3
0,00000000000000000000000000000001,60,60,60,60
1,00000000000000000000000000000010,60,60,60,60
2,00000000000000000000000000000100,60,60,60,44
3,00000000000000000000000000001000,60,60,60,60
4,00000000000000000000000000010000,60,60,60,44
5,00000000000000000000000000100000,60,60,60,43
6,00000000000000000000000001000000,60,60,60,60
7,00000000000000000000000010000000,60,60,60,60
8,00000000000000000000000100000000,60,60,60,60
9,00000000000000000000001000000000,60,60,60,60
10,00000000000000000000010000000000,60,60,60,60
11,00000000000000000000100000000000,60,60,60,60
12,00000000000000000001000000000000,60,60,60,60
13,00000000000000000010000000000000,60,60,60,60
14,00000000000000000100000000000000,60,60,60,60
15,00000000000000001000000000000000,60,60,60,60
16,00000000000000010000000000000000,60,60,60,60
17,00000000000000100000000000000000,60,60,60,60
18,00000000000001000000000000000000,60,60,60,60
19,00000000000010000000000000000000,60,60,60,60
20,00000000000100000000000000000000,60,60,60,60
21,00000000001000000000000000000000,60,60,60,60
22,00000000010000000000000000000000,60,60,60,60
23,00000000100000000000000000000000,60,60,60,60
24,00000001000000000000000000000000,60,60,60,60
25,00000010000000000000000000000000,60,60,60,60
26,00000100000000000000000000000000,60,60,60,60
27,00001000000000000000000000000000,60,60,60,60
28,00010000000000000000000000000000,60,60,60,60
29,00100000000000000000000000000000,60,60,60,60
30,01000000000000000000000000000000,60,60,60,60
31,10000000000000000000000000000000,60,60,60,60
32,00000000000000000000000000000002,60,60,60,60
33,00000000000000000000000000000020,60,60,60,60
34,00000000000000000000000000000200,60,60,60,60
35,00000000000000000000000000002000,60,60,60,60
36,00000000000000000000000000020000,60,60,60,60
37,00000000000000000000000000200000,60,60,60,44
38,00000000000000000000000002000000,60,60,60,60
39,00000000000000000000000020000000,60,60,60,60
40,00000000000000000000000200000000,60,60,60,60
41,00000000000000000000002000000000,60,60,60,60
42,00000000000000000000020000000000,60,60,60,60
43,00000000000000000000200000000000,60,60,60,60
44,00000000000000000002000000000000,60,60,60,60
45,00000000000000000020000000000000,60,60,60,60
46,00000000000000000200000000000000,60,60,60,60
47,00000000000000002000000000000000,60,60,60,60
48,00000000000000020000000000000000,60,60,60,60
49,00000000000000200000000000000000,60,60,60,60
50,00000000000002000000000000000000,60,60,60,60
51,00000000000020000000000000000000,60,60,60,60
52,00000000000200000000000000000000,60,60,60,60
53,00000000002000000000000000000000,60,60,60,60
54,00000000020000000000000000000000,60,60,60,60
55,00000000200000000000000000000000,60,60,60,60
56,00000002000000000000000000000000,60,60,60,60
57,00000020000000000000000000000000,60,60,60,60
58,00000200000000000000000000000000,60,60,60,60
59,00002000000000000000000000000000,60,60,60,60
60,00020000000000000000000000000000,60,60,60,60
61,00200000000000000000000000000000,60,60,60,60
62,02000000000000000000000000000000,60,60,60,60
63,20000000000000000000000000000000,60,60,60,60
64,00000000000000000000000000000003,60,60,60,60
65,00000000000000000000000000000030,60,60,60,60
66,00000000000000000000000000000300,60,60,60,44
67,00000000000000000000000000003000,60,60,60,60
68,00000000000000000000000000030000,60,60,60,60
69,00000000000000000000000000300000,60,60,60,44
70,00000000000000000000000003000000,60,60,60,60
71,00000000000000000000000030000000,60,60,60,60
72,00000000000000000000000300000000,60,60,60,60
73,00000000000000000000003000000000,60,60,60,60
74,00000000000000000000030000000000,60,60,60,60
75,00000000000000000000300000000000,60,60,60,60
76,00000000000000000003000000000000,60,60,60,60
77,00000000000000000030000000000000,60,60,60,60
78,00000000000000000300000000000000,60,60,60,60
79,00000000000000003000000000000000,60,60,60,60
80,00000000000000030000000000000000,60,60,60,60
81,00000000000000300000000000000000,60,60,60,60
82,00000000000003000000000000000000,60,60,60,60
83,00000000000030000000000000000000,60,60,60,60
84,00000000000300000000000000000000,60,60,60,60
85,00000000003000000000000000000000,60,60,60,60
86,00000000030000000000000000000000,60,60,60,60
87,00000000300000000000000000000000,60,60,60,60
88,00000003000000000000000000000000,60,60,60,60
89,00000030000000000000000000000000,60,60,60,60
90,00000300000000000000000000000000,60,60,60,60
91,00003000000000000000000000000000,60,60,60,60
92,00030000000000000000000000000000,60,60,60,60
93,00300000000000000000000000000000,60,60,60,60
94,03000000000000000000000000000000,60,60,60,60
95,30000000000000000000000000000000,60,60,60,60
96,00000000000000000000000000000004,60,60,60,60
97,00000000000000000000000000000040,60,60,60,60
98,00000000000000000000000000000400,60,60,60,44
99,00000000000000000000000000004000,60,60,60,60
100,00000000000000000000000000040000,60,60,60,44
101,00000000000000000000000000400000,60,60,60,60
102,00000000000000000000000004000000,60,60,60,60
103,00000000000000000000000040000000,60,60,60,60
104,00000000000000000000000400000000,60,60,60,60
105,00000000000000000000004000000000,60,60,60,60
106,00000000000000000000040000000000,60,60,60,60
107,00000000000000000000400000000000,60,60,60,60
108,00000000000000000004000000000000,60,60,60,60
109,00000000000000000040000000000000,60,60,60,60
110,00000000000000000400000000000000,60,60,60,60
111,00000000000000004000000000000000,60,60,60,60
112,00000000000000040000000000000000,60,60,60,60
113,00000000000000400000000000000000,60,60,60,60
114,00000000000004000000000000000000,60,60,60,60
115,00000000000040000000000000000000,60,60,60,60
116,00000000000400000000000000000000,60,60,60,60
117,00000000004000000000000000000000,60,60,60,60
118,00000000040000000000000000000000,60,60,60,60
119,00000000400000000000000000000000,60,60,60,60
120,00000004000000000000000000000000,60,60,60,60
121,00000040000000000000000000000000,60,60,60,60
122,00000400000000000000000000000000,60,60,60,60
123,00004000000000000000000000000000,60,60,60,60
124,00040000000000000000000000000000,60,60,60,60
125,00400000000000000000000000000000,60,60,60,60
126,04000000000000000000000000000000,60,60,60,60
127,40000000000000000000000000000000,60,60,60,60
128,00000000000000000000000000000005,60,60,60,60
129,00000000000000000000000000000050,60,60,60,60
130,00000000000000000000000000000500,60,60,60,60
131,00000000000000000000000000005000,60,60,60,60
132,00000000000000000000000000050000,60,60,60,60
133,00000000000000000000000000500000,60,60,60,60
134,00000000000000000000000005000000,60,60,60,60
135,00000000000000000000000050000000,60,60,60,60
136,00000000000000000000000500000000,60,60,60,60
137,00000000000000000000005000000000,60,60,60,60
138,00000000000000000000050000000000,60,60,60,60
139,00000000000000000000500000000000,60,60,60,60
140,00000000000000000005000000000000,60,60,60,60
141,00000000000000000050000000000000,60,60,60,60
142,00000000000000000500000000000000,60,60,60,60
143,00000000000000005000000000000000,60,60,60,60
144,00000000000000050000000000000000,60,60,60,60
145,00000000000000500000000000000000,60,60,60,60
146,00000000000005000000000000000000,60,60,60,60
147,00000000000050000000000000000000,60,60,60,60
148,00000000000500000000000000000000,60,60,60,60
149,00000000005000000000000000000000,60,60,60,60
150,00000000050000000000000000000000,60,60,60,60
151,00000000500000000000000000000000,60,60,60,60
152,00000005000000000000000000000000,60,60,60,60
153,00000050000000000000000000000000,60,60,60,60
154,00000500000000000000000000000000,60,60,60,60
155,00005000000000000000000000000000,60,60,60,60
156,00050000000000000000000000000000,60,60,60,60
157,00500000000000000000000000000000,60,60,60,60
158,05000000000000000000000000000000,60,60,60,60
159,50000000000000000000000000000000,60,60,60,60
160,00000000000000000000000000000006,60,60,60,60
161,00000000000000000000000000000060,60,60,60,60
162,00000000000000000000000000000600,60,60,60,44
163,00000000000000000000000000006000,60,60,60,60
164,00000000000000000000000000060000,60,60,60,60
165,00000000000000000000000000600000,60,60,60,60
166,00000000000000000000000006000000,60,60,60,60
167,00000000000000000000000060000000,60,60,60,60
168,00000000000000000000000600000000,60,60,60,60
169,00000000000000000000006000000000,60,60,60,60
170,00000000000000000000060000000000,60,60,60,60
171,00000000000000000000600000000000,60,60,60,60
172,00000000000000000006000000000000,60,60,60,60
173,00000000000000000060000000000000,60,60,60,60
174,00000000000000000600000000000000,60,60,60,60
175,00000000000000006000000000000000,60,60,60,60
176,00000000000000060000000000000000,60,60,60,60
177,00000000000000600000000000000000,60,60,60,60
178,00000000000006000000000000000000,60,60,60,60
179,00000000000060000000000000000000,60,60,60,60
180,00000000000600000000000000000000,60,60,60,60
181,00000000006000000000000000000000,60,60,60,60
182,00000000060000000000000000000000,60,60,60,60
183,00000000600000000000000000000000,60,60,60,60
184,00000006000000000000000000000000,60,60,60,60
185,00000060000000000000000000000000,60,60,60,60
186,00000600000000000000000000000000,60,60,60,60
187,00006000000000000000000000000000,60,60,60,60
188,00060000000000000000000000000000,60,60,60,60
189,00600000000000000000000000000000,60,60,60,60
190,06000000000000000000000000000000,60,60,60,60
191,60000000000000000000000000000000,60,60,60,60
192,00000000000000000000000000000007,60,60,60,60
193,00000000000000000000000000000070,60,60,60,60
194,00000000000000000000000000000700,60,60,60,60
195,00000000000000000000000000007000,60,60,60,60
196,00000000000000000000000000070000,60,60,60,60
197,00000000000000000000000000700000,60,60,60,60
198,00000000000000000000000007000000,60,60,60,60
199,00000000000000000000000070000000,60,60,60,60
200,00000000000000000000000700000000,60,60,60,60
201,00000000000000000000007000000000,60,60,60,60
202,00000000000000000000070000000000,60,60,60,60
203,00000000000000000000700000000000,60,60,60,60
204,00000000000000000007000000000000,60,60,60,60
205,00000000000000000070000000000000,60,60,60,60
206,00000000000000000700000000000000,60,60,60,60
207,00000000000000007000000000000000,60,60,60,60
208,00000000000000070000000000000000,60,60,60,60
209,00000000000000700000000000000000,60,60,60,60
210,00000000000007000000000000000000,60,60,60,60
211,00000000000070000000000000000000,60,60,60,60
212,00000000000700000000000000000000,60,60,60,60
213,00000000007000000000000000000000,60,60,60,60
214,00000000070000000000000000000000,60,60,60,60
215,00000000700000000000000000000000,60,60,60,60
216,00000007000000000000000000000000,60,60,60,60
217,00000070000000000000000000000000,60,60,60,60
218,00000700000000000000000000000000,60,60,60,60
219,00007000000000000000000000000000,60,60,60,60
220,00070000000000000000000000000000,60,60,60,60
221,00700000000000000000000000000000,60,60,60,60
222,07000000000000000000000000000000,60,60,60,60
223,70000000000000000000000000000000,60,60,60,60
224,00000000000000000000000000000008,60,60,60,60
225,00000000000000000000000000000080,60,60,60,60
226,00000000000000000000000000000800,60,60,60,60
227,00000000000000000000000000008000,60,60,60,60
228,00000000000000000000000000080000,60,60,60,44
229,00000000000000000000000000800000,60,60,60,60
230,00000000000000000000000008000000,60,60,60,60
231,00000000000000000000000080000000,60,60,60,60
232,00000000000000000000000800000000,60,60,60,60
233,00000000000000000000008000000000,60,60,60,60
234,00000000000000000000080000000000,60,60,60,60
235,00000000000000000000800000000000,60,60,60,60
236,00000000000000000008000000000000,60,60,60,60
237,00000000000000000080000000000000,60,60,60,60
238,00000000000000000800000000000000,60,60,60,60
239,00000000000000008000000000000000,60,60,60,60
240,00000000000000080000000000000000,60,60,60,60
241,00000000000000800000000000000000,60,60,60,60
242,00000000000008000000000000000000,60,60,60,44
243,00000000000080000000000000000000,60,60,60,60
244,00000000000800000000000000000000,60,60,60,60
245,00000000008000000000000000000000,60,60,60,60
246,00000000080000000000000000000000,60,60,60,60
247,00000000800000000000000000000000,60,60,60,60
248,00000008000000000000000000000000,60,60,60,60
249,00000080000000000000000000000000,60,60,60,60
250,00000800000000000000000000000000,60,60,60,60
251,00008000000000000000000000000000,60,60,60,60
252,00080000000000000000000000000000,60,60,60,60
253,00800000000000000000000000000000,60,60,60,60
254,08000000000000000000000000000000,60,60,60,60
255,80000000000000000000000000000000,60,60,60,60
256,00000000000000000000000000000009,60,60,60,60
257,00000000000000000000000000000090,60,60,60,60
258,00000000000000000000000000000900,60,60,60,60
259,00000000000000000000000000009000,60,60,60,60
260,00000000000000000000000000090000,60,60,60,60
261,00000000000000000000000000900000,60,60,60,60
262,00000000000000000000000009000000,60,60,60,60
263,00000000000000000000000090000000,60,60,60,60
264,00000000000000000000000900000000,60,60,60,60
265,00000000000000000000009000000000,60,60,60,60
266,00000000000000000000090000000000,60,60,60,60
267,00000000000000000000900000000000,60,60,60,60
268,00000000000000000009000000000000,60,60,60,60
269,00000000000000000090000000000000,60,60,60,60
270,00000000000000000900000000000000,60,60,60,60
271,00000000000000009000000000000000,60,60,60,60
272,00000000000000090000000000000000,60,60,60,60
273,00000000000000900000000000000000,60,60,60,60
274,00000000000009000000000000000000,60,60,60,60
275,00000000000090000000000000000000,60,60,60,60
276,00000000000900000000000000000000,60,60,60,60
277,00000000009000000000000000000000,60,60,60,60
278,00000000090000000000000000000000,60,60,60,60
279,00000000900000000000000000000000,60,60,60,60
280,00000009000000000000000000000000,60,60,60,60
281,00000090000000000000000000000000,60,60,60,60
282,00000900000000000000000000000000,60,60,60,60
283,00009000000000000000000000000000,60,60,60,60
284,00090000000000000000000000000000,60,60,60,60
285,00900000000000000000000000000000,60,60,60,60
286,09000000000000000000000000000000,60,60,60,60
287,90000000000000000000000000000000,60,60,60,60
288,0000000000000000000000000000000a,60,60,60,60
289,000000000000000000000000000000a0,60,60,60,60
290,00000000000000000000000000000a00,60,60,60,60
291,0000000000000000000000000000a000,60,60,60,60
292,000000000000000000000000000a0000,60,60,60,60
293,00000000000000000000000000a00000,60,60,60,60
294,0000000000000000000000000a000000,60,60,60,60
295,000000000000000000000000a0000000,60,60,60,60
296,00000000000000000000000a00000000,60,60,60,60
297,0000000000000000000000a000000000,60,60,60,60
298,000000000000000000000a0000000000,60,60,60,60
299,00000000000000000000a00000000000,60,60,60,60
300,0000000000000000000a000000000000,60,60,60,60
301,000000000000000000a0000000000000,60,60,60,60
302,00000000000000000a00000000000000,60,60,60,60
303,0000000000000000a000000000000000,60,60,60,60
304,000000000000000a0000000000000000,60,60,60,60
305,00000000000000a00000000000000000,60,60,60,60
306,0000000000000a000000000000000000,60,60,60,60
307,000000000000a0000000000000000000,60,60,60,60
308,00000000000a00000000000000000000,60,60,60,60
309,0000000000a000000000000000000000,60,60,60,60
310,000000000a0000000000000000000000,60,60,60,60
311,00000000a00000000000000000000000,60,60,60,60
312,0000000a000000000000000000000000,60,60,60,60
313,000000a0000000000000000000000000,60,60,60,60
314,00000a00000000000000000000000000,60,60,60,60
315,0000a000000000000000000000000000,60,60,60,60
316,000a0000000000000000000000000000,60,60,60,60
317,00a00000000000000000000000000000,60,60,60,60
318,0a000000000000000000000000000000,60,60,60,60
319,a0000000000000000000000000000000,60,60,60,60
320,0000000000000000000000000000000b,60,60,60,60
321,000000000000000000000000000000b0,60,60,60,60
322,00000000000000000000000000000b00,60,60,60,60
323,0000000000000000000000000000b000,60,60,60,60
324,000000000000000000000000000b0000,60,60,60,60
325,00000000000000000000000000b00000,60,60,60,60
326,0000000000000000000000000b000000,60,60,60,60
327,000000000000000000000000b0000000,60,60,60,60
328,00000000000000000000000b00000000,60,60,60,60
329,0000000000000000000000b000000000,60,60,60,60
330,000000000000000000000b0000000000,60,60,60,60
331,00000000000000000000b00000000000,60,60,60,60
332,0000000000000000000b000000000000,60,60,60,60
333,000000000000000000b0000000000000,60,60,60,60
334,00000000000000000b00000000000000,60,60,60,60
335,0000000000000000b000000000000000,60,60,60,60
336,000000000000000b0000000000000000,60,60,60,60
337,00000000000000b00000000000000000,60,60,60,60
338,0000000000000b000000000000000000,60,60,60,60
339,000000000000b0000000000000000000,60,60,60,60
340,00000000000b00000000000000000000,60,60,60,60
341,0000000000b000000000000000000000,60,60,60,60
342,000000000b0000000000000000000000,60,60,60,60
343,00000000b00000000000000000000000,60,60,60,60
344,0000000b000000000000000000000000,60,60,60,60
345,000000b0000000000000000000000000,60,60,60,60
346,00000b00000000000000000000000000,60,60,60,60
347,0000b000000000000000000000000000,60,60,60,60
348,000b0000000000000000000000000000,60,60,60,60
349,00b00000000000000000000000000000,60,60,60,60
350,0b000000000000000000000000000000,60,60,60,60
351,b0000000000000000000000000000000,60,60,60,60
352,0000000000000000000000000000000c,60,60,60,60
353,000000000000000000000000000000c0,60,60,60,60
354,00000000000000000000000000000c00,60,60,60,60
355,0000000000000000000000000000c000,60,60,60,60
356,000000000000000000000000000c0000,60,60,60,60
357,00000000000000000000000000c00000,60,60,60,60
358,0000000000000000000000000c000000,60,60,60,60
359,000000000000000000000000c0000000,60,60,60,60
360,00000000000000000000000c00000000,60,60,60,60
361,0000000000000000000000c000000000,60,60,60,60
362,000000000000000000000c0000000000,60,60,60,60
363,00000000000000000000c00000000000,60,60,60,60
364,0000000000000000000c000000000000,60,60,60,60
365,000000000000000000c0000000000000,60,60,60,60
366,00000000000000000c00000000000000,60,60,60,60
367,0000000000000000c000000000000000,60,60,60,60
368,000000000000000c0000000000000000,60,60,60,60
369,00000000000000c00000000000000000,60,60,60,60
370,0000000000000c000000000000000000,60,60,60,60
371,000000000000c0000000000000000000,60,60,60,60
372,00000000000c00000000000000000000,60,60,60,60
373,0000000000c000000000000000000000,60,60,60,60
374,000000000c0000000000000000000000,60,60,60,60
375,00000000c00000000000000000000000,60,60,60,60
376,0000000c000000000000000000000000,60,60,60,60
377,000000c0000000000000000000000000,60,60,60,60
378,00000c00000000000000000000000000,60,60,60,60
379,0000c000000000000000000000000000,60,60,60,60
380,000c0000000000000000000000000000,60,60,60,60
381,00c00000000000000000000000000000,60,60,60,60
382,0c000000000000000000000000000000,60,60,60,60
383,c0000000000000000000000000000000,60,60,60,60
384,0000000000000000000000000000000d,60,60,60,60
385,000000000000000000000000000000d0,60,60,60,60
386,00000000000000000000000000000d00,60,60,60,60
387,0000000000000000000000000000d000,60,60,60,60
388,000000000000000000000000000d0000,60,60,60,60
389,00000000000000000000000000d00000,60,60,60,60
390,0000000000000000000000000d000000,60,60,60,60
391,000000000000000000000000d0000000,60,60,60,60
392,00000000000000000000000d00000000,60,60,60,60
393,0000000000000000000000d000000000,60,60,60,60
394,000000000000000000000d0000000000,60,60,60,60
395,00000000000000000000d00000000000,60,60,60,60
396,0000000000000000000d000000000000,60,60,60,60
397,000000000000000000d0000000000000,60,60,60,60
398,00000000000000000d00000000000000,60,60,60,60
399,0000000000000000d000000000000000,60,60,60,60
400,000000000000000d0000000000000000,60,60,60,60
401,00000000000000d00000000000000000,60,60,60,60
402,0000000000000d000000000000000000,60,60,60,60
403,000000000000d0000000000000000000,60,60,60,60
404,00000000000d00000000000000000000,60,60,60,60
405,0000000000d000000000000000000000,60,60,60,60
406,000000000d0000000000000000000000,60,60,60,60
407,00000000d00000000000000000000000,60,60,60,60
408,0000000d000000000000000000000000,60,60,60,60
409,000000d0000000000000000000000000,60,60,60,60
410,00000d00000000000000000000000000,60,60,60,60
411,0000d000000000000000000000000000,60,60,60,60
412,000d0000000000000000000000000000,60,60,60,60
413,00d00000000000000000000000000000,60,60,60,60
414,0d000000000000000000000000000000,60,60,60,60
415,d0000000000000000000000000000000,60,60,60,60
416,0000000000000000000000000000000e,60,60,60,60
417,000000000000000000000000000000e0,60,60,60,60
418,00000000000000000000000000000e00,60,60,60,60
419,0000000000000000000000000000e000,60,60,60,60
420,000000000000000000000000000e0000,60,60,60,60
421,00000000000000000000000000e00000,60,60,60,60
422,0000000000000000000000000e000000,60,60,60,60
423,000000000000000000000000e0000000,60,60,60,60
424,00000000000000000000000e00000000,60,60,60,60
425,0000000000000000000000e000000000,60,60,60,60
426,000000000000000000000e0000000000,60,60,60,60
427,00000000000000000000e00000000000,60,60,60,60
428,0000000000000000000e000000000000,60,60,60,60
429,000000000000000000e0000000000000,60,60,60,60
430,00000000000000000e00000000000000,60,60,60,60
431,0000000000000000e000000000000000,60,60,60,60
432,000000000000000e0000000000000000,60,60,60,60
433,00000000000000e00000000000000000,60,60,60,60
434,0000000000000e000000000000000000,60,60,60,60
435,000000000000e0000000000000000000,60,60,60,60
436,00000000000e00000000000000000000,60,60,60,60
437,0000000000e000000000000000000000,60,60,60,60
438,000000000e0000000000000000000000,60,60,60,60
439,00000000e00000000000000000000000,60,60,60,60
440,0000000e000000000000000000000000,60,60,60,60
441,000000e0000000000000000000000000,60,60,60,60
442,00000e00000000000000000000000000,60,60,60,60
443,0000e000000000000000000000000000,60,60,60,60
444,000e0000000000000000000000000000,60,60,60,60
445,00e00000000000000000000000000000,60,60,60,60
446,0e000000000000000000000000000000,60,60,60,60
447,e0000000000000000000000000000000,60,60,60,60
448,0000000000000000000000000000000f,60,60,60,60
449,000000000000000000000000000000f0,60,60,60,60
450,00000000000000000000000000000f00,60,60,60,60
451,0000000000000000000000000000f000,60,60,60,60
452,000000000000000000000000000f0000,60,60,60,60
453,00000000000000000000000000f00000,60,60,60,60
454,0000000000000000000000000f000000,60,60,60,60
455,000000000000000000000000f0000000,60,60,60,60
456,00000000000000000000000f00000000,60,60,60,60
457,0000000000000000000000f000000000,60,60,60,60
458,000000000000000000000f0000000000,60,60,60,60
459,00000000000000000000f00000000000,60,60,60,60
460,0000000000000000000f000000000000,60,60,60,60
461,000000000000000000f0000000000000,60,60,60,60
462,00000000000000000f00000000000000,60,60,60,60
463,0000000000000000f000000000000000,60,60,60,60
464,000000000000000f0000000000000000,60,60,60,60
465,00000000000000f00000000000000000,60,60,60,60
466,0000000000000f000000000000000000,60,60,60,60
467,000000000000f0000000000000000000,60,60,60,60
468,00000000000f00000000000000000000,60,60,60,60
469,0000000000f000000000000000000000,60,60,60,60
470,000000000f0000000000000000000000,60,60,60,60
471,00000000f00000000000000000000000,60,60,60,60
472,0000000f000000000000000000000000,60,60,60,60
473,000000f0000000000000000000000000,60,60,60,60
474,00000f00000000000000000000000000,60,60,60,60
475,0000f000000000000000000000000000,60,60,60,60
476,000f0000000000000000000000000000,60,60,60,60
477,00f00000000000000000000000000000,60,60,60,60
478,0f000000000000000000000000000000,60,60,60,60
479,f0000000000000000000000000000000,60,60,60,60
