,Input_diff,Round3,Round2,Round1,Round0
0,00000000000000000000000000000001,8,7,8,7
1,00000000000000000000000000000010,7,7,8,7
2,00000000000000000000000000000100,8,8,7,8
3,00000000000000000000000000001000,7,8,7,8
4,00000000000000000000000000010000,8,8,8,8
5,00000000000000000000000000100000,7,8,8,8
6,00000000000000000000000001000000,7,8,8,8
7,00000000000000000000000010000000,7,8,8,8
8,00000000000000000000000100000000,8,8,8,8
9,00000000000000000000001000000000,8,7,7,8
10,00000000000000000000010000000000,7,8,8,8
11,00000000000000000000100000000000,7,7,7,8
12,00000000000000000001000000000000,8,7,7,7
13,00000000000000000010000000000000,8,7,7,7
14,00000000000000000100000000000000,8,8,8,8
15,00000000000000001000000000000000,8,7,7,8
16,00000000000000010000000000000000,8,8,8,8
17,00000000000000100000000000000000,8,8,8,7
18,00000000000001000000000000000000,8,7,8,7
19,00000000000010000000000000000000,8,7,8,7
20,00000000000100000000000000000000,7,8,8,8
21,00000000001000000000000000000000,7,8,8,7
22,00000000010000000000000000000000,8,8,7,8
23,00000000100000000000000000000000,8,8,7,7
24,00000001000000000000000000000000,7,8,7,8
25,00000010000000000000000000000000,7,8,7,8
26,00000100000000000000000000000000,8,8,8,8
27,00001000000000000000000000000000,8,8,8,8
28,00010000000000000000000000000000,8,8,8,8
29,00100000000000000000000000000000,8,8,8,8
30,01000000000000000000000000000000,8,7,8,7
31,10000000000000000000000000000000,8,7,8,7
32,00000000000000000000000000000002,7,8,7,8
33,00000000000000000000000000000020,8,8,7,8
34,00000000000000000000000000000200,7,8,8,8
35,00000000000000000000000000002000,8,8,8,8
36,00000000000000000000000000020000,6,7,8,8
37,00000000000000000000000000200000,7,7,8,8
38,00000000000000000000000002000000,8,8,8,7
39,00000000000000000000000020000000,8,8,8,7
40,00000000000000000000000200000000,7,6,7,8
41,00000000000000000000002000000000,7,7,8,8
42,00000000000000000000020000000000,8,7,7,7
43,00000000000000000000200000000000,8,8,8,7
44,00000000000000000002000000000000,8,8,8,8
45,00000000000000000020000000000000,8,8,8,8
46,00000000000000000200000000000000,8,7,6,8
47,00000000000000002000000000000000,8,8,7,8
48,00000000000000020000000000000000,8,8,8,7
49,00000000000000200000000000000000,8,8,8,8
50,00000000000002000000000000000000,8,8,8,8
51,00000000000020000000000000000000,8,8,8,8
52,00000000000200000000000000000000,8,8,7,6
53,00000000002000000000000000000000,8,8,7,7
54,00000000020000000000000000000000,7,7,8,7
55,00000000200000000000000000000000,7,7,8,8
56,00000002000000000000000000000000,8,8,8,7
57,00000020000000000000000000000000,8,8,8,7
58,00000200000000000000000000000000,7,7,7,8
59,00002000000000000000000000000000,7,7,7,8
60,00020000000000000000000000000000,8,8,8,8
61,00200000000000000000000000000000,8,8,8,8
62,02000000000000000000000000000000,8,8,8,8
63,20000000000000000000000000000000,8,8,8,8
64,00000000000000000000000000000003,11,9,12,9
65,00000000000000000000000000000030,11,9,12,9
66,00000000000000000000000000000300,9,12,9,10
67,00000000000000000000000000003000,9,12,9,10
68,00000000000000000000000000030000,11,12,12,12
69,00000000000000000000000000300000,11,12,12,12
70,00000000000000000000000003000000,9,10,10,12
71,00000000000000000000000030000000,9,10,10,12
72,00000000000000000000000300000000,12,11,9,12
73,00000000000000000000003000000000,12,11,9,12
74,00000000000000000000030000000000,9,9,11,12
75,00000000000000000000300000000000,9,9,11,12
76,00000000000000000003000000000000,12,9,9,9
77,00000000000000000030000000000000,12,9,9,9
78,00000000000000000300000000000000,10,11,11,10
79,00000000000000003000000000000000,10,11,11,10
80,00000000000000030000000000000000,10,12,12,9
81,00000000000000300000000000000000,10,12,12,9
82,00000000000003000000000000000000,12,9,10,9
83,00000000000030000000000000000000,12,9,10,9
84,00000000000300000000000000000000,9,10,12,11
85,00000000003000000000000000000000,9,10,12,11
86,00000000030000000000000000000000,12,12,9,11
87,00000000300000000000000000000000,12,12,9,11
88,00000003000000000000000000000000,9,10,9,12
89,00000030000000000000000000000000,9,10,9,12
90,00000300000000000000000000000000,12,12,12,12
91,00003000000000000000000000000000,12,12,12,12
92,00030000000000000000000000000000,10,12,10,10
93,00300000000000000000000000000000,10,12,10,10
94,03000000000000000000000000000000,12,9,12,9
95,30000000000000000000000000000000,12,9,12,9
96,00000000000000000000000000000004,6,8,8,8
97,00000000000000000000000000000040,7,8,8,8
98,00000000000000000000000000000400,7,7,8,8
99,00000000000000000000000000004000,8,7,8,8
100,00000000000000000000000000040000,7,8,7,7
101,00000000000000000000000000400000,8,8,7,7
102,00000000000000000000000004000000,8,8,8,8
103,00000000000000000000000040000000,8,8,8,8
104,00000000000000000000000400000000,8,7,7,7
105,00000000000000000000004000000000,8,8,8,7
106,00000000000000000000040000000000,8,7,6,8
107,00000000000000000000400000000000,8,8,7,8
108,00000000000000000004000000000000,7,8,8,8
109,00000000000000000040000000000000,7,8,8,8
110,00000000000000000400000000000000,8,6,7,8
111,00000000000000004000000000000000,8,7,8,8
112,00000000000000040000000000000000,8,7,7,7
113,00000000000000400000000000000000,8,7,7,8
114,00000000000004000000000000000000,7,8,8,8
115,00000000000040000000000000000000,7,8,8,8
116,00000000000400000000000000000000,8,8,8,7
117,00000000004000000000000000000000,8,8,8,8
118,00000000040000000000000000000000,8,8,8,6
119,00000000400000000000000000000000,8,8,8,7
120,00000004000000000000000000000000,8,8,8,8
121,00000040000000000000000000000000,8,8,8,8
122,00000400000000000000000000000000,8,8,8,7
123,00004000000000000000000000000000,8,8,8,7
124,00040000000000000000000000000000,8,7,8,8
125,00400000000000000000000000000000,8,7,8,8
126,04000000000000000000000000000000,7,8,7,8
127,40000000000000000000000000000000,7,8,7,8
128,00000000000000000000000000000005,9,10,13,10
129,00000000000000000000000000000050,9,10,13,10
130,00000000000000000000000000000500,12,10,10,13
131,00000000000000000000000000005000,12,10,10,13
132,00000000000000000000000000050000,12,13,10,10
133,00000000000000000000000000500000,12,13,10,10
134,00000000000000000000000005000000,10,13,13,13
135,00000000000000000000000050000000,10,13,13,13
136,00000000000000000000000500000000,13,12,12,10
137,00000000000000000000005000000000,13,12,12,10
138,00000000000000000000050000000000,10,12,9,13
139,00000000000000000000500000000000,10,12,9,13
140,00000000000000000005000000000000,10,10,10,10
141,00000000000000000050000000000000,10,10,10,10
142,00000000000000000500000000000000,13,9,12,13
143,00000000000000005000000000000000,13,9,12,13
144,00000000000000050000000000000000,13,10,10,12
145,00000000000000500000000000000000,13,10,10,12
146,00000000000005000000000000000000,10,10,13,10
147,00000000000050000000000000000000,10,10,13,10
148,00000000000500000000000000000000,10,13,13,12
149,00000000005000000000000000000000,10,13,13,12
150,00000000050000000000000000000000,13,13,10,9
151,00000000500000000000000000000000,13,13,10,9
152,00000005000000000000000000000000,10,13,10,13
153,00000050000000000000000000000000,10,13,10,13
154,00000500000000000000000000000000,13,13,13,10
155,00005000000000000000000000000000,13,13,13,10
156,00050000000000000000000000000000,13,10,13,13
157,00500000000000000000000000000000,13,10,13,13
158,05000000000000000000000000000000,10,10,10,10
159,50000000000000000000000000000000,10,10,10,10
160,00000000000000000000000000000006,8,12,12,12
161,00000000000000000000000000000060,9,12,12,12
162,00000000000000000000000000000600,9,9,12,10
163,00000000000000000000000000006000,10,9,12,10
164,00000000000000000000000000060000,11,12,9,9
165,00000000000000000000000000600000,12,12,9,9
166,00000000000000000000000006000000,12,10,10,12
167,00000000000000000000000060000000,12,10,10,12
168,00000000000000000000000600000000,12,11,9,9
169,00000000000000000000006000000000,12,12,10,9
170,00000000000000000000060000000000,12,9,8,12
171,00000000000000000000600000000000,12,10,9,12
172,00000000000000000006000000000000,9,12,12,12
173,00000000000000000060000000000000,9,12,12,12
174,00000000000000000600000000000000,10,8,11,10
175,00000000000000006000000000000000,10,9,12,10
176,00000000000000060000000000000000,10,9,9,9
177,00000000000000600000000000000000,10,9,9,10
178,00000000000006000000000000000000,9,12,10,12
179,00000000000060000000000000000000,9,12,10,12
180,00000000000600000000000000000000,12,10,12,11
181,00000000006000000000000000000000,12,10,12,12
182,00000000060000000000000000000000,12,12,12,8
183,00000000600000000000000000000000,12,12,12,9
184,00000006000000000000000000000000,12,10,12,12
185,00000060000000000000000000000000,12,10,12,12
186,00000600000000000000000000000000,12,12,12,9
187,00006000000000000000000000000000,12,12,12,9
188,00060000000000000000000000000000,10,9,10,10
189,00600000000000000000000000000000,10,9,10,10
190,06000000000000000000000000000000,9,12,9,12
191,60000000000000000000000000000000,9,12,9,12
192,00000000000000000000000000000007,11,12,15,12
193,00000000000000000000000000000070,11,12,15,12
194,00000000000000000000000000000700,12,12,12,13
195,00000000000000000000000000007000,12,12,12,13
196,00000000000000000000000000070000,14,15,12,12
197,00000000000000000000000000700000,14,15,12,12
198,00000000000000000000000007000000,12,13,13,15
199,00000000000000000000000070000000,12,13,13,15
200,00000000000000000000000700000000,15,14,12,12
201,00000000000000000000007000000000,15,14,12,12
202,00000000000000000000070000000000,12,12,11,15
203,00000000000000000000700000000000,12,12,11,15
204,00000000000000000007000000000000,12,12,12,12
205,00000000000000000070000000000000,12,12,12,12
206,00000000000000000700000000000000,13,11,14,13
207,00000000000000007000000000000000,13,11,14,13
208,00000000000000070000000000000000,13,12,12,12
209,00000000000000700000000000000000,13,12,12,12
210,00000000000007000000000000000000,12,12,13,12
211,00000000000070000000000000000000,12,12,13,12
212,00000000000700000000000000000000,12,13,15,14
213,00000000007000000000000000000000,12,13,15,14
214,00000000070000000000000000000000,15,15,12,11
215,00000000700000000000000000000000,15,15,12,11
216,00000007000000000000000000000000,12,13,12,15
217,00000070000000000000000000000000,12,13,12,15
218,00000700000000000000000000000000,15,15,15,12
219,00007000000000000000000000000000,15,15,15,12
220,00070000000000000000000000000000,13,12,13,13
221,00700000000000000000000000000000,13,12,13,13
222,07000000000000000000000000000000,12,12,12,12
223,70000000000000000000000000000000,12,12,12,12
224,00000000000000000000000000000008,8,8,8,8
225,00000000000000000000000000000080,7,8,8,8
226,00000000000000000000000000000800,7,8,8,7
227,00000000000000000000000000008000,6,8,8,7
228,00000000000000000000000000080000,8,8,8,8
229,00000000000000000000000000800000,7,8,8,8
230,00000000000000000000000008000000,8,7,7,8
231,00000000000000000000000080000000,8,7,7,8
232,00000000000000000000000800000000,8,8,7,8
233,00000000000000000000008000000000,8,7,6,8
234,00000000000000000000080000000000,8,7,8,8
235,00000000000000000000800000000000,8,6,7,8
236,00000000000000000008000000000000,8,8,8,8
237,00000000000000000080000000000000,8,8,8,8
238,00000000000000000800000000000000,7,8,8,7
239,00000000000000008000000000000000,7,7,7,7
240,00000000000000080000000000000000,7,8,8,7
241,00000000000000800000000000000000,7,8,8,6
242,00000000000008000000000000000000,8,8,7,8
243,00000000000080000000000000000000,8,8,7,8
244,00000000000800000000000000000000,8,7,8,8
245,00000000008000000000000000000000,8,7,8,7
246,00000000080000000000000000000000,8,8,8,8
247,00000000800000000000000000000000,8,8,8,7
248,00000008000000000000000000000000,8,7,8,8
249,00000080000000000000000000000000,8,7,8,8
250,00000800000000000000000000000000,8,8,8,8
251,00008000000000000000000000000000,8,8,8,8
252,00080000000000000000000000000000,7,8,7,7
253,00800000000000000000000000000000,7,8,7,7
254,08000000000000000000000000000000,8,8,8,8
255,80000000000000000000000000000000,8,8,8,8
256,00000000000000000000000000000009,12,14,12,14
257,00000000000000000000000000000090,11,14,12,14
258,00000000000000000000000000000900,11,12,14,11
259,00000000000000000000000000009000,10,12,14,11
260,00000000000000000000000000090000,12,12,12,12
261,00000000000000000000000000900000,11,12,12,12
262,00000000000000000000000009000000,14,11,11,12
263,00000000000000000000000090000000,14,11,11,12
264,00000000000000000000000900000000,12,12,11,12
265,00000000000000000000009000000000,12,11,10,12
266,00000000000000000000090000000000,14,11,12,12
267,00000000000000000000900000000000,14,10,11,12
268,00000000000000000009000000000000,12,14,14,14
269,00000000000000000090000000000000,12,14,14,14
270,00000000000000000900000000000000,11,12,12,11
271,00000000000000009000000000000000,11,11,11,11
272,00000000000000090000000000000000,11,12,12,11
273,00000000000000900000000000000000,11,12,12,10
274,00000000000009000000000000000000,12,14,11,14
275,00000000000090000000000000000000,12,14,11,14
276,00000000000900000000000000000000,14,11,12,12
277,00000000009000000000000000000000,14,11,12,11
278,00000000090000000000000000000000,12,12,14,12
279,00000000900000000000000000000000,12,12,14,11
280,00000009000000000000000000000000,14,11,14,12
281,00000090000000000000000000000000,14,11,14,12
282,00000900000000000000000000000000,12,12,12,12
283,00009000000000000000000000000000,12,12,12,12
284,00090000000000000000000000000000,11,12,11,11
285,00900000000000000000000000000000,11,12,11,11
286,09000000000000000000000000000000,12,14,12,14
287,90000000000000000000000000000000,12,14,12,14
288,0000000000000000000000000000000a,11,12,11,12
289,000000000000000000000000000000a0,11,12,11,12
290,00000000000000000000000000000a00,13,12,12,14
291,0000000000000000000000000000a000,13,12,12,14
292,000000000000000000000000000a0000,10,11,12,12
293,00000000000000000000000000a00000,10,11,12,12
294,0000000000000000000000000a000000,12,14,14,11
295,000000000000000000000000a0000000,12,14,14,11
296,00000000000000000000000a00000000,11,10,13,12
297,0000000000000000000000a000000000,11,10,13,12
298,000000000000000000000a0000000000,12,13,11,11
299,00000000000000000000a00000000000,12,13,11,11
300,0000000000000000000a000000000000,12,12,12,12
301,000000000000000000a0000000000000,12,12,12,12
302,00000000000000000a00000000000000,14,11,10,14
303,0000000000000000a000000000000000,14,11,10,14
304,000000000000000a0000000000000000,14,12,12,13
305,00000000000000a00000000000000000,14,12,12,13
306,0000000000000a000000000000000000,12,12,14,12
307,000000000000a0000000000000000000,12,12,14,12
308,00000000000a00000000000000000000,12,14,11,10
309,0000000000a000000000000000000000,12,14,11,10
310,000000000a0000000000000000000000,11,11,12,11
311,00000000a00000000000000000000000,11,11,12,11
312,0000000a000000000000000000000000,12,14,12,11
313,000000a0000000000000000000000000,12,14,12,11
314,00000a00000000000000000000000000,11,11,11,12
315,0000a000000000000000000000000000,11,11,11,12
316,000a0000000000000000000000000000,14,12,14,14
317,00a00000000000000000000000000000,14,12,14,14
318,0a000000000000000000000000000000,12,12,12,12
319,a0000000000000000000000000000000,12,12,12,12
320,0000000000000000000000000000000b,12,13,13,13
321,000000000000000000000000000000b0,12,13,13,13
322,00000000000000000000000000000b00,12,13,13,13
323,0000000000000000000000000000b000,12,13,13,13
324,000000000000000000000000000b0000,12,13,13,13
325,00000000000000000000000000b00000,12,13,13,13
326,0000000000000000000000000b000000,13,13,13,13
327,000000000000000000000000b0000000,13,13,13,13
328,00000000000000000000000b00000000,13,12,12,13
329,0000000000000000000000b000000000,13,12,12,13
330,000000000000000000000b0000000000,13,12,12,13
331,00000000000000000000b00000000000,13,12,12,13
332,0000000000000000000b000000000000,13,13,13,13
333,000000000000000000b0000000000000,13,13,13,13
334,00000000000000000b00000000000000,13,12,12,13
335,0000000000000000b000000000000000,13,12,12,13
336,000000000000000b0000000000000000,13,13,13,12
337,00000000000000b00000000000000000,13,13,13,12
338,0000000000000b000000000000000000,13,13,13,13
339,000000000000b0000000000000000000,13,13,13,13
340,00000000000b00000000000000000000,13,13,13,12
341,0000000000b000000000000000000000,13,13,13,12
342,000000000b0000000000000000000000,13,13,13,12
343,00000000b00000000000000000000000,13,13,13,12
344,0000000b000000000000000000000000,13,13,13,13
345,000000b0000000000000000000000000,13,13,13,13
346,00000b00000000000000000000000000,13,13,13,13
347,0000b000000000000000000000000000,13,13,13,13
348,000b0000000000000000000000000000,13,13,13,13
349,00b00000000000000000000000000000,13,13,13,13
350,0b000000000000000000000000000000,13,13,13,13
351,b0000000000000000000000000000000,13,13,13,13
352,0000000000000000000000000000000c,13,12,12,12
353,000000000000000000000000000000c0,13,12,12,12
354,00000000000000000000000000000c00,10,14,12,11
355,0000000000000000000000000000c000,10,14,12,11
356,000000000000000000000000000c0000,11,12,14,14
357,00000000000000000000000000c00000,11,12,14,14
358,0000000000000000000000000c000000,12,11,11,12
359,000000000000000000000000c0000000,12,11,11,12
360,00000000000000000000000c00000000,12,11,10,14
361,0000000000000000000000c000000000,12,11,10,14
362,000000000000000000000c0000000000,12,10,13,12
363,00000000000000000000c00000000000,12,10,13,12
364,0000000000000000000c000000000000,14,12,12,12
365,000000000000000000c0000000000000,14,12,12,12
366,00000000000000000c00000000000000,11,13,11,11
367,0000000000000000c000000000000000,11,13,11,11
368,000000000000000c0000000000000000,11,14,14,10
369,00000000000000c00000000000000000,11,14,14,10
370,0000000000000c000000000000000000,14,12,11,12
371,000000000000c0000000000000000000,14,12,11,12
372,00000000000c00000000000000000000,12,11,12,11
373,0000000000c000000000000000000000,12,11,12,11
374,000000000c0000000000000000000000,12,12,12,13
375,00000000c00000000000000000000000,12,12,12,13
376,0000000c000000000000000000000000,12,11,12,12
377,000000c0000000000000000000000000,12,11,12,12
378,00000c00000000000000000000000000,12,12,12,14
379,0000c000000000000000000000000000,12,12,12,14
380,000c0000000000000000000000000000,11,14,11,11
381,00c00000000000000000000000000000,11,14,11,11
382,0c000000000000000000000000000000,14,12,14,12
383,c0000000000000000000000000000000,14,12,14,12
384,0000000000000000000000000000000d,13,14,14,14
385,000000000000000000000000000000d0,13,14,14,14
386,00000000000000000000000000000d00,12,14,14,13
387,0000000000000000000000000000d000,12,14,14,13
388,000000000000000000000000000d0000,13,14,14,14
389,00000000000000000000000000d00000,13,14,14,14
390,0000000000000000000000000d000000,14,13,13,14
391,000000000000000000000000d0000000,14,13,13,14
392,00000000000000000000000d00000000,14,13,12,14
393,0000000000000000000000d000000000,14,13,12,14
394,000000000000000000000d0000000000,14,12,13,14
395,00000000000000000000d00000000000,14,12,13,14
396,0000000000000000000d000000000000,14,14,14,14
397,000000000000000000d0000000000000,14,14,14,14
398,00000000000000000d00000000000000,13,13,13,13
399,0000000000000000d000000000000000,13,13,13,13
400,000000000000000d0000000000000000,13,14,14,12
401,00000000000000d00000000000000000,13,14,14,12
402,0000000000000d000000000000000000,14,14,13,14
403,000000000000d0000000000000000000,14,14,13,14
404,00000000000d00000000000000000000,14,13,14,13
405,0000000000d000000000000000000000,14,13,14,13
406,000000000d0000000000000000000000,14,14,14,13
407,00000000d00000000000000000000000,14,14,14,13
408,0000000d000000000000000000000000,14,13,14,14
409,000000d0000000000000000000000000,14,13,14,14
410,00000d00000000000000000000000000,14,14,14,14
411,0000d000000000000000000000000000,14,14,14,14
412,000d0000000000000000000000000000,13,14,13,13
413,00d00000000000000000000000000000,13,14,13,13
414,0d000000000000000000000000000000,14,14,14,14
415,d0000000000000000000000000000000,14,14,14,14
416,0000000000000000000000000000000e,12,13,13,13
417,000000000000000000000000000000e0,12,13,13,13
418,00000000000000000000000000000e00,12,13,13,13
419,0000000000000000000000000000e000,12,13,13,13
420,000000000000000000000000000e0000,12,13,13,13
421,00000000000000000000000000e00000,12,13,13,13
422,0000000000000000000000000e000000,13,13,13,13
423,000000000000000000000000e0000000,13,13,13,13
424,00000000000000000000000e00000000,13,12,12,13
425,0000000000000000000000e000000000,13,12,12,13
426,000000000000000000000e0000000000,13,12,12,13
427,00000000000000000000e00000000000,13,12,12,13
428,0000000000000000000e000000000000,13,13,13,13
429,000000000000000000e0000000000000,13,13,13,13
430,00000000000000000e00000000000000,13,12,12,13
431,0000000000000000e000000000000000,13,12,12,13
432,000000000000000e0000000000000000,13,13,13,12
433,00000000000000e00000000000000000,13,13,13,12
434,0000000000000e000000000000000000,13,13,13,13
435,000000000000e0000000000000000000,13,13,13,13
436,00000000000e00000000000000000000,13,13,13,12
437,0000000000e000000000000000000000,13,13,13,12
438,000000000e0000000000000000000000,13,13,13,12
439,00000000e00000000000000000000000,13,13,13,12
440,0000000e000000000000000000000000,13,13,13,13
441,000000e0000000000000000000000000,13,13,13,13
442,00000e00000000000000000000000000,13,13,13,13
443,0000e000000000000000000000000000,13,13,13,13
444,000e0000000000000000000000000000,13,13,13,13
445,00e00000000000000000000000000000,13,13,13,13
446,0e000000000000000000000000000000,13,13,13,13
447,e0000000000000000000000000000000,13,13,13,13
448,0000000000000000000000000000000f,12,13,13,13
449,000000000000000000000000000000f0,12,13,13,13
450,00000000000000000000000000000f00,12,13,13,13
451,0000000000000000000000000000f000,12,13,13,13
452,000000000000000000000000000f0000,12,13,13,13
453,00000000000000000000000000f00000,12,13,13,13
454,0000000000000000000000000f000000,13,13,13,13
455,000000000000000000000000f0000000,13,13,13,13
456,00000000000000000000000f00000000,13,12,12,13
457,0000000000000000000000f000000000,13,12,12,13
458,000000000000000000000f0000000000,13,12,12,13
459,00000000000000000000f00000000000,13,12,12,13
460,0000000000000000000f000000000000,13,13,13,13
461,000000000000000000f0000000000000,13,13,13,13
462,00000000000000000f00000000000000,13,12,12,13
463,0000000000000000f000000000000000,13,12,12,13
464,000000000000000f0000000000000000,13,13,13,12
465,00000000000000f00000000000000000,13,13,13,12
466,0000000000000f000000000000000000,13,13,13,13
467,000000000000f0000000000000000000,13,13,13,13
468,00000000000f00000000000000000000,13,13,13,12
469,0000000000f000000000000000000000,13,13,13,12
470,000000000f0000000000000000000000,13,13,13,12
471,00000000f00000000000000000000000,13,13,13,12
472,0000000f000000000000000000000000,13,13,13,13
473,000000f0000000000000000000000000,13,13,13,13
474,00000f00000000000000000000000000,13,13,13,13
475,0000f000000000000000000000000000,13,13,13,13
476,000f0000000000000000000000000000,13,13,13,13
477,00f00000000000000000000000000000,13,13,13,13
478,0f000000000000000000000000000000,13,13,13,13
479,f0000000000000000000000000000000,13,13,13,13
