,Input_diff,Round3,Round2,Round1,Round0
0,00000000000000000000000000000001,52,44,43,43
1,00000000000000000000000000000010,52,44,44,43
2,00000000000000000000000000000100,51,47,48,44
3,00000000000000000000000000001000,52,47,48,45
4,00000000000000000000000000010000,52,47,45,45
5,00000000000000000000000000100000,52,46,45,45
6,00000000000000000000000001000000,44,48,46,43
7,00000000000000000000000010000000,44,48,46,44
8,00000000000000000000000100000000,45,43,50,45
9,00000000000000000000001000000000,45,43,51,45
10,00000000000000000000010000000000,46,46,45,44
11,00000000000000000000100000000000,45,46,46,44
12,00000000000000000001000000000000,46,44,46,42
13,00000000000000000010000000000000,45,44,46,42
14,00000000000000000100000000000000,50,44,46,45
15,00000000000000001000000000000000,50,45,46,45
16,00000000000000010000000000000000,47,44,51,44
17,00000000000000100000000000000000,47,45,50,44
18,00000000000001000000000000000000,46,43,49,44
19,00000000000010000000000000000000,46,44,49,45
20,00000000000100000000000000000000,46,47,51,46
21,00000000001000000000000000000000,46,47,50,47
22,00000000010000000000000000000000,43,45,45,46
23,00000000100000000000000000000000,44,45,44,46
24,00000001000000000000000000000000,47,46,49,45
25,00000010000000000000000000000000,47,46,49,45
26,00000100000000000000000000000000,49,44,52,46
27,00001000000000000000000000000000,48,44,52,46
28,00010000000000000000000000000000,48,45,47,44
29,00100000000000000000000000000000,47,44,46,43
30,01000000000000000000000000000000,50,44,50,44
31,10000000000000000000000000000000,50,44,50,43
32,00000000000000000000000000000002,46,52,43,46
33,00000000000000000000000000000020,45,51,43,46
34,00000000000000000000000000000200,45,48,44,44
35,00000000000000000000000000002000,44,47,44,43
36,00000000000000000000000000020000,43,48,45,45
37,00000000000000000000000000200000,43,47,45,45
38,00000000000000000000000002000000,46,51,45,45
39,00000000000000000000000020000000,46,51,45,44
40,00000000000000000000000200000000,44,46,44,44
41,00000000000000000000002000000000,44,46,43,45
42,00000000000000000000020000000000,45,45,45,46
43,00000000000000000000200000000000,44,45,44,46
44,00000000000000000002000000000000,44,48,44,45
45,00000000000000000020000000000000,45,48,44,45
46,00000000000000000200000000000000,44,46,45,44
47,00000000000000002000000000000000,44,45,45,44
48,00000000000000020000000000000000,45,50,43,46
49,00000000000000200000000000000000,45,51,44,46
50,00000000000002000000000000000000,46,52,45,43
51,00000000000020000000000000000000,46,53,45,42
52,00000000000200000000000000000000,46,52,44,45
53,00000000002000000000000000000000,46,51,44,44
54,00000000020000000000000000000000,44,49,46,45
55,00000000200000000000000000000000,43,49,47,45
56,00000002000000000000000000000000,45,49,45,44
57,00000020000000000000000000000000,46,50,44,44
58,00000200000000000000000000000000,43,48,44,46
59,00002000000000000000000000000000,43,48,44,46
60,00020000000000000000000000000000,43,50,43,44
61,00200000000000000000000000000000,44,51,44,45
62,02000000000000000000000000000000,46,49,45,43
63,20000000000000000000000000000000,46,49,45,44
64,00000000000000000000000000000003,64,56,63,51
65,00000000000000000000000000000030,64,56,62,51
66,00000000000000000000000000000300,54,60,58,52
67,00000000000000000000000000003000,55,59,58,53
68,00000000000000000000000000030000,63,62,63,59
69,00000000000000000000000000300000,63,63,63,58
70,00000000000000000000000003000000,57,53,54,59
71,00000000000000000000000030000000,57,53,54,58
72,00000000000000000000000300000000,63,67,56,61
73,00000000000000000000003000000000,64,67,57,60
74,00000000000000000000030000000000,55,54,65,61
75,00000000000000000000300000000000,56,54,64,61
76,00000000000000000003000000000000,67,58,57,56
77,00000000000000000030000000000000,67,58,56,56
78,00000000000000000300000000000000,58,67,65,55
79,00000000000000003000000000000000,58,68,65,55
80,00000000000000030000000000000000,57,62,65,58
81,00000000000000300000000000000000,57,63,65,58
82,00000000000003000000000000000000,64,54,56,57
83,00000000000030000000000000000000,64,55,56,58
84,00000000000300000000000000000000,56,58,64,65
85,00000000003000000000000000000000,56,58,64,65
86,00000000030000000000000000000000,60,63,57,67
87,00000000300000000000000000000000,59,63,57,67
88,00000003000000000000000000000000,58,58,57,58
89,00000030000000000000000000000000,58,57,56,58
90,00000300000000000000000000000000,66,64,62,61
91,00003000000000000000000000000000,65,63,63,62
92,00030000000000000000000000000000,57,63,60,58
93,00300000000000000000000000000000,57,62,60,58
94,03000000000000000000000000000000,68,52,66,55
95,30000000000000000000000000000000,68,52,66,55
96,00000000000000000000000000000004,44,45,45,52
97,00000000000000000000000000000040,43,45,44,52
98,00000000000000000000000000000400,45,46,45,47
99,00000000000000000000000000004000,44,46,45,48
100,00000000000000000000000000040000,44,43,43,47
101,00000000000000000000000000400000,44,44,43,47
102,00000000000000000000000004000000,44,45,44,49
103,00000000000000000000000040000000,44,45,44,48
104,00000000000000000000000400000000,45,43,44,45
105,00000000000000000000004000000000,45,43,43,45
106,00000000000000000000040000000000,46,45,46,52
107,00000000000000000000400000000000,46,45,45,52
108,00000000000000000004000000000000,45,45,45,48
109,00000000000000000040000000000000,46,45,45,48
110,00000000000000000400000000000000,44,44,46,51
111,00000000000000004000000000000000,44,45,46,51
112,00000000000000040000000000000000,45,47,44,50
113,00000000000000400000000000000000,45,46,45,50
114,00000000000004000000000000000000,44,45,45,47
115,00000000000040000000000000000000,44,44,45,47
116,00000000000400000000000000000000,47,44,44,47
117,00000000004000000000000000000000,47,44,44,46
118,00000000040000000000000000000000,45,45,45,45
119,00000000400000000000000000000000,44,45,46,45
120,00000004000000000000000000000000,44,46,45,46
121,00000040000000000000000000000000,45,46,46,46
122,00000400000000000000000000000000,44,47,45,48
123,00004000000000000000000000000000,44,47,45,48
124,00040000000000000000000000000000,43,43,44,45
125,00400000000000000000000000000000,44,44,45,46
126,04000000000000000000000000000000,45,48,45,46
127,40000000000000000000000000000000,45,48,45,45
128,00000000000000000000000000000005,59,57,64,67
129,00000000000000000000000000000050,58,57,65,67
130,00000000000000000000000000000500,68,63,60,70
131,00000000000000000000000000005000,68,64,61,70
132,00000000000000000000000000050000,73,72,62,62
133,00000000000000000000000000500000,72,73,62,63
134,00000000000000000000000005000000,61,72,69,65
135,00000000000000000000000050000000,61,72,69,66
136,00000000000000000000000500000000,70,64,70,59
137,00000000000000000000005000000000,70,65,70,60
138,00000000000000000000050000000000,61,70,59,70
139,00000000000000000000500000000000,62,70,60,70
140,00000000000000000005000000000000,60,57,57,60
141,00000000000000000050000000000000,60,57,56,60
142,00000000000000000500000000000000,67,58,65,70
143,00000000000000005000000000000000,67,57,65,70
144,00000000000000050000000000000000,67,62,61,67
145,00000000000000500000000000000000,67,63,62,67
146,00000000000005000000000000000000,62,64,73,61
147,00000000000050000000000000000000,62,64,73,61
148,00000000000500000000000000000000,63,72,69,70
149,00000000005000000000000000000000,63,72,69,70
150,00000000050000000000000000000000,70,72,64,63
151,00000000500000000000000000000000,71,72,64,63
152,00000005000000000000000000000000,62,70,61,72
153,00000050000000000000000000000000,62,69,61,72
154,00000500000000000000000000000000,75,73,74,64
155,00005000000000000000000000000000,75,73,74,64
156,00050000000000000000000000000000,68,57,70,69
157,00500000000000000000000000000000,68,58,70,69
158,05000000000000000000000000000000,64,58,61,60
159,50000000000000000000000000000000,64,58,61,60
160,00000000000000000000000000000006,58,60,63,70
161,00000000000000000000000000000060,57,60,62,69
162,00000000000000000000000000000600,54,56,62,57
163,00000000000000000000000000006000,53,56,62,58
164,00000000000000000000000000060000,62,64,57,59
165,00000000000000000000000000600000,63,63,57,58
166,00000000000000000000000006000000,59,61,57,64
167,00000000000000000000000060000000,59,61,57,63
168,00000000000000000000000600000000,61,67,52,57
169,00000000000000000000006000000000,60,67,51,58
170,00000000000000000000060000000000,65,57,57,63
171,00000000000000000000600000000000,65,57,56,64
172,00000000000000000006000000000000,56,64,63,63
173,00000000000000000060000000000000,57,64,63,62
174,00000000000000000600000000000000,56,56,67,54
175,00000000000000006000000000000000,56,57,67,54
176,00000000000000060000000000000000,57,58,54,57
177,00000000000000600000000000000000,57,57,55,57
178,00000000000006000000000000000000,55,65,55,68
179,00000000000060000000000000000000,55,64,55,69
180,00000000000600000000000000000000,60,55,65,62
181,00000000006000000000000000000000,60,55,65,63
182,00000000060000000000000000000000,64,63,59,57
183,00000000600000000000000000000000,63,63,60,57
184,00000006000000000000000000000000,56,54,61,63
185,00000060000000000000000000000000,57,53,60,63
186,00000600000000000000000000000000,57,63,59,55
187,00006000000000000000000000000000,57,63,59,55
188,00060000000000000000000000000000,51,56,52,55
189,00600000000000000000000000000000,52,55,53,56
190,06000000000000000000000000000000,54,61,56,63
191,60000000000000000000000000000000,54,61,56,63
192,00000000000000000000000000000007,66,65,78,72
193,00000000000000000000000000000070,65,65,77,72
194,00000000000000000000000000000700,65,67,68,67
195,00000000000000000000000000007000,64,66,68,68
196,00000000000000000000000000070000,70,68,69,66
197,00000000000000000000000000700000,69,69,69,65
198,00000000000000000000000007000000,66,69,69,75
199,00000000000000000000000070000000,66,69,69,74
200,00000000000000000000000700000000,72,72,66,65
201,00000000000000000000007000000000,72,72,66,65
202,00000000000000000000070000000000,68,64,66,66
203,00000000000000000000700000000000,69,64,66,66
204,00000000000000000007000000000000,69,74,64,65
205,00000000000000000070000000000000,69,74,64,65
206,00000000000000000700000000000000,69,69,77,64
207,00000000000000007000000000000000,69,70,77,64
208,00000000000000070000000000000000,64,66,70,68
209,00000000000000700000000000000000,64,66,71,68
210,00000000000007000000000000000000,72,72,68,68
211,00000000000070000000000000000000,72,72,68,68
212,00000000000700000000000000000000,67,73,73,77
213,00000000007000000000000000000000,67,73,73,77
214,00000000070000000000000000000000,74,73,66,72
215,00000000700000000000000000000000,73,73,66,72
216,00000007000000000000000000000000,66,64,67,74
217,00000070000000000000000000000000,66,63,67,74
218,00000700000000000000000000000000,76,69,70,69
219,00007000000000000000000000000000,76,68,70,69
220,00070000000000000000000000000000,68,65,68,65
221,00700000000000000000000000000000,67,64,68,65
222,07000000000000000000000000000000,70,69,73,71
223,70000000000000000000000000000000,70,69,73,71
224,00000000000000000000000000000008,45,46,47,45
225,00000000000000000000000000000080,46,46,46,45
226,00000000000000000000000000000800,43,49,51,42
227,00000000000000000000000000008000,44,48,51,43
228,00000000000000000000000000080000,45,45,46,47
229,00000000000000000000000000800000,45,44,46,47
230,00000000000000000000000008000000,47,50,44,46
231,00000000000000000000000080000000,47,50,44,46
232,00000000000000000000000800000000,46,47,42,46
233,00000000000000000000008000000000,46,47,43,45
234,00000000000000000000080000000000,50,44,46,46
235,00000000000000000000800000000000,51,44,45,46
236,00000000000000000008000000000000,47,46,48,45
237,00000000000000000080000000000000,46,46,49,45
238,00000000000000000800000000000000,43,43,47,43
239,00000000000000008000000000000000,43,44,47,43
240,00000000000000080000000000000000,44,48,45,45
241,00000000000000800000000000000000,44,48,44,45
242,00000000000008000000000000000000,45,50,44,44
243,00000000000080000000000000000000,45,51,44,45
244,00000000000800000000000000000000,46,50,45,44
245,00000000008000000000000000000000,46,51,45,45
246,00000000080000000000000000000000,46,45,47,51
247,00000000800000000000000000000000,45,45,46,51
248,00000008000000000000000000000000,47,49,46,48
249,00000080000000000000000000000000,47,48,47,48
250,00000800000000000000000000000000,47,45,48,48
251,00008000000000000000000000000000,47,45,48,48
252,00080000000000000000000000000000,43,44,43,44
253,00800000000000000000000000000000,42,43,42,43
254,08000000000000000000000000000000,45,51,45,42
255,80000000000000000000000000000000,45,51,45,42
256,00000000000000000000000000000009,64,72,63,70
257,00000000000000000000000000000090,65,73,63,70
258,00000000000000000000000000000900,62,61,72,67
259,00000000000000000000000000009000,63,60,72,68
260,00000000000000000000000000090000,61,61,65,65
261,00000000000000000000000000900000,61,60,65,65
262,00000000000000000000000009000000,68,65,64,67
263,00000000000000000000000090000000,68,65,64,66
264,00000000000000000000000900000000,64,66,64,61
265,00000000000000000000009000000000,64,66,65,62
266,00000000000000000000090000000000,73,61,62,60
267,00000000000000000000900000000000,72,61,61,60
268,00000000000000000009000000000000,62,65,69,72
269,00000000000000000090000000000000,61,65,69,72
270,00000000000000000900000000000000,66,61,66,61
271,00000000000000009000000000000000,66,61,65,61
272,00000000000000090000000000000000,62,57,64,60
273,00000000000000900000000000000000,62,58,65,60
274,00000000000009000000000000000000,65,69,67,66
275,00000000000090000000000000000000,65,70,67,67
276,00000000000900000000000000000000,73,64,63,63
277,00000000009000000000000000000000,73,64,63,62
278,00000000090000000000000000000000,64,61,72,63
279,00000000900000000000000000000000,63,61,71,63
280,00000009000000000000000000000000,70,63,67,64
281,00000090000000000000000000000000,69,62,67,64
282,00000900000000000000000000000000,65,55,63,67
283,00009000000000000000000000000000,64,54,63,67
284,00090000000000000000000000000000,67,58,58,64
285,00900000000000000000000000000000,66,57,57,63
286,09000000000000000000000000000000,66,69,64,61
287,90000000000000000000000000000000,66,68,64,61
288,0000000000000000000000000000000a,71,71,66,70
289,000000000000000000000000000000a0,71,71,66,70
290,00000000000000000000000000000a00,69,61,71,67
291,0000000000000000000000000000a000,69,60,71,67
292,000000000000000000000000000a0000,63,63,68,68
293,00000000000000000000000000a00000,62,62,68,68
294,0000000000000000000000000a000000,71,71,71,65
295,000000000000000000000000a0000000,71,71,71,65
296,00000000000000000000000a00000000,68,71,69,69
297,0000000000000000000000a000000000,68,71,68,70
298,000000000000000000000a0000000000,72,68,70,63
299,00000000000000000000a00000000000,72,68,69,63
300,0000000000000000000a000000000000,68,71,69,72
301,000000000000000000a0000000000000,68,71,69,72
302,00000000000000000a00000000000000,71,71,70,68
303,0000000000000000a000000000000000,71,71,70,68
304,000000000000000a0000000000000000,69,72,69,73
305,00000000000000a00000000000000000,69,72,68,73
306,0000000000000a000000000000000000,63,74,73,67
307,000000000000a0000000000000000000,63,73,73,67
308,00000000000a00000000000000000000,72,71,71,69
309,0000000000a000000000000000000000,72,71,71,70
310,000000000a0000000000000000000000,66,68,69,70
311,00000000a00000000000000000000000,65,68,68,70
312,0000000a000000000000000000000000,69,71,67,65
313,000000a0000000000000000000000000,69,71,68,65
314,00000a00000000000000000000000000,67,62,61,69
315,0000a000000000000000000000000000,67,63,61,69
316,000a0000000000000000000000000000,71,70,68,73
317,00a00000000000000000000000000000,72,70,68,73
318,0a000000000000000000000000000000,67,64,66,66
319,a0000000000000000000000000000000,67,64,66,65
320,0000000000000000000000000000000b,76,72,73,75
321,000000000000000000000000000000b0,76,72,73,75
322,00000000000000000000000000000b00,67,68,73,69
323,0000000000000000000000000000b000,66,67,73,70
324,000000000000000000000000000b0000,72,69,69,75
325,00000000000000000000000000b00000,73,68,69,75
326,0000000000000000000000000b000000,71,70,72,73
327,000000000000000000000000b0000000,71,70,72,73
328,00000000000000000000000b00000000,70,80,69,73
329,0000000000000000000000b000000000,70,80,68,73
330,000000000000000000000b0000000000,73,70,70,71
331,00000000000000000000b00000000000,72,70,69,71
332,0000000000000000000b000000000000,69,76,73,76
333,000000000000000000b0000000000000,69,76,73,76
334,00000000000000000b00000000000000,67,77,73,67
335,0000000000000000b000000000000000,67,77,73,67
336,000000000000000b0000000000000000,69,76,74,70
337,00000000000000b00000000000000000,69,75,74,70
338,0000000000000b000000000000000000,72,73,67,70
339,000000000000b0000000000000000000,72,72,67,70
340,00000000000b00000000000000000000,75,72,75,71
341,0000000000b000000000000000000000,75,71,75,72
342,000000000b0000000000000000000000,75,70,76,73
343,00000000b00000000000000000000000,74,70,75,73
344,0000000b000000000000000000000000,74,70,66,71
345,000000b0000000000000000000000000,74,70,67,71
346,00000b00000000000000000000000000,70,69,72,75
347,0000b000000000000000000000000000,70,69,72,75
348,000b0000000000000000000000000000,71,70,70,71
349,00b00000000000000000000000000000,72,70,70,71
350,0b000000000000000000000000000000,73,67,76,72
351,b0000000000000000000000000000000,73,67,76,71
352,0000000000000000000000000000000c,71,62,63,67
353,000000000000000000000000000000c0,70,62,62,67
354,00000000000000000000000000000c00,63,68,67,65
355,0000000000000000000000000000c000,63,67,66,66
356,000000000000000000000000000c0000,61,55,63,70
357,00000000000000000000000000c00000,61,54,63,69
358,0000000000000000000000000c000000,65,60,62,67
359,000000000000000000000000c0000000,65,60,62,66
360,00000000000000000000000c00000000,60,66,60,63
361,0000000000000000000000c000000000,60,66,61,64
362,000000000000000000000c0000000000,61,60,63,59
363,00000000000000000000c00000000000,62,61,62,59
364,0000000000000000000c000000000000,68,63,63,68
365,000000000000000000c0000000000000,68,63,63,68
366,00000000000000000c00000000000000,61,67,63,62
367,0000000000000000c000000000000000,61,67,63,62
368,000000000000000c0000000000000000,65,66,71,64
369,00000000000000c00000000000000000,65,65,71,63
370,0000000000000c000000000000000000,62,61,68,59
371,000000000000c0000000000000000000,62,62,67,58
372,00000000000c00000000000000000000,65,63,64,61
373,0000000000c000000000000000000000,65,62,64,62
374,000000000c0000000000000000000000,61,61,64,72
375,00000000c00000000000000000000000,60,61,65,73
376,0000000c000000000000000000000000,63,65,63,62
377,000000c0000000000000000000000000,62,65,63,62
378,00000c00000000000000000000000000,65,61,63,76
379,0000c000000000000000000000000000,65,60,62,76
380,000c0000000000000000000000000000,65,68,67,63
381,00c00000000000000000000000000000,66,69,67,63
382,0c000000000000000000000000000000,69,62,65,60
383,c0000000000000000000000000000000,69,62,65,60
384,0000000000000000000000000000000d,72,77,75,77
385,000000000000000000000000000000d0,72,77,74,77
386,00000000000000000000000000000d00,67,72,76,68
387,0000000000000000000000000000d000,68,71,76,69
388,000000000000000000000000000d0000,68,68,69,71
389,00000000000000000000000000d00000,69,67,69,70
390,0000000000000000000000000d000000,68,72,70,70
391,000000000000000000000000d0000000,68,72,70,70
392,00000000000000000000000d00000000,73,69,70,64
393,0000000000000000000000d000000000,72,69,71,64
394,000000000000000000000d0000000000,73,66,65,65
395,00000000000000000000d00000000000,72,67,66,65
396,0000000000000000000d000000000000,73,71,70,71
397,000000000000000000d0000000000000,73,71,70,71
398,00000000000000000d00000000000000,73,67,71,66
399,0000000000000000d000000000000000,73,67,71,66
400,000000000000000d0000000000000000,70,66,75,73
401,00000000000000d00000000000000000,70,65,75,73
402,0000000000000d000000000000000000,72,69,74,72
403,000000000000d0000000000000000000,72,70,74,71
404,00000000000d00000000000000000000,77,72,71,75
405,0000000000d000000000000000000000,77,73,71,76
406,000000000d0000000000000000000000,73,71,73,76
407,00000000d00000000000000000000000,74,71,72,77
408,0000000d000000000000000000000000,74,72,67,70
409,000000d0000000000000000000000000,73,73,67,70
410,00000d00000000000000000000000000,72,67,69,77
411,0000d000000000000000000000000000,72,68,69,78
412,000d0000000000000000000000000000,71,72,69,71
413,00d00000000000000000000000000000,70,73,69,71
414,0d000000000000000000000000000000,74,75,72,72
415,d0000000000000000000000000000000,74,75,72,72
416,0000000000000000000000000000000e,75,72,72,75
417,000000000000000000000000000000e0,75,73,73,75
418,00000000000000000000000000000e00,67,68,73,69
419,0000000000000000000000000000e000,68,67,73,70
420,000000000000000000000000000e0000,72,69,73,77
421,00000000000000000000000000e00000,72,68,73,77
422,0000000000000000000000000e000000,72,71,72,74
423,000000000000000000000000e0000000,72,72,72,73
424,00000000000000000000000e00000000,71,80,67,71
425,0000000000000000000000e000000000,71,80,67,70
426,000000000000000000000e0000000000,73,69,70,71
427,00000000000000000000e00000000000,72,69,69,71
428,0000000000000000000e000000000000,69,74,71,77
429,000000000000000000e0000000000000,69,74,71,77
430,00000000000000000e00000000000000,70,76,74,67
431,0000000000000000e000000000000000,70,76,73,67
432,000000000000000e0000000000000000,70,78,75,68
433,00000000000000e00000000000000000,70,77,74,68
434,0000000000000e000000000000000000,69,73,74,70
435,000000000000e0000000000000000000,69,74,74,70
436,00000000000e00000000000000000000,75,73,76,71
437,0000000000e000000000000000000000,75,73,76,72
438,000000000e0000000000000000000000,74,70,75,73
439,00000000e00000000000000000000000,73,70,75,73
440,0000000e000000000000000000000000,71,69,69,73
441,000000e0000000000000000000000000,71,68,70,73
442,00000e00000000000000000000000000,70,69,71,75
443,0000e000000000000000000000000000,70,69,71,75
444,000e0000000000000000000000000000,71,73,70,72
445,00e00000000000000000000000000000,72,73,70,72
446,0e000000000000000000000000000000,73,64,76,71
447,e0000000000000000000000000000000,73,64,76,70
448,0000000000000000000000000000000f,76,77,76,76
449,000000000000000000000000000000f0,76,77,75,76
450,00000000000000000000000000000f00,71,71,79,72
451,0000000000000000000000000000f000,72,71,79,73
452,000000000000000000000000000f0000,76,75,77,78
453,00000000000000000000000000f00000,76,75,77,77
454,0000000000000000000000000f000000,76,71,71,76
455,000000000000000000000000f0000000,76,71,71,76
456,00000000000000000000000f00000000,72,76,73,74
457,0000000000000000000000f000000000,72,76,73,74
458,000000000000000000000f0000000000,76,72,73,72
459,00000000000000000000f00000000000,76,72,72,72
460,0000000000000000000f000000000000,77,78,78,76
461,000000000000000000f0000000000000,77,78,78,76
462,00000000000000000f00000000000000,72,78,78,69
463,0000000000000000f000000000000000,72,79,78,69
464,000000000000000f0000000000000000,75,78,77,72
465,00000000000000f00000000000000000,75,77,76,72
466,0000000000000f000000000000000000,76,76,76,74
467,000000000000f0000000000000000000,76,76,76,75
468,00000000000f00000000000000000000,78,77,77,76
469,0000000000f000000000000000000000,78,77,76,76
470,000000000f0000000000000000000000,77,72,76,79
471,00000000f00000000000000000000000,76,72,75,79
472,0000000f000000000000000000000000,78,71,73,75
473,000000f0000000000000000000000000,78,71,72,74
474,00000f00000000000000000000000000,75,75,69,80
475,0000f000000000000000000000000000,75,75,69,80
476,000f0000000000000000000000000000,75,75,74,76
477,00f00000000000000000000000000000,74,75,74,76
478,0f000000000000000000000000000000,77,72,75,76
479,f0000000000000000000000000000000,77,72,75,75
