,Input_diff,Round3,Round2,Round1,Round0
0,00000000000000000000000000000001,51,43,42,42
1,00000000000000000000000000000010,51,43,43,42
2,00000000000000000000000000000100,50,46,47,43
3,00000000000000000000000000001000,51,46,47,44
4,00000000000000000000000000010000,51,46,44,44
5,00000000000000000000000000100000,51,45,44,44
6,00000000000000000000000001000000,43,47,45,42
7,00000000000000000000000010000000,43,47,45,43
8,00000000000000000000000100000000,44,42,49,44
9,00000000000000000000001000000000,44,42,50,44
10,00000000000000000000010000000000,45,45,44,43
11,00000000000000000000100000000000,44,45,45,43
12,00000000000000000001000000000000,45,43,45,41
13,00000000000000000010000000000000,44,43,45,41
14,00000000000000000100000000000000,49,43,45,44
15,00000000000000001000000000000000,49,44,45,44
16,00000000000000010000000000000000,46,43,50,43
17,00000000000000100000000000000000,46,44,49,43
18,00000000000001000000000000000000,45,42,48,43
19,00000000000010000000000000000000,45,43,48,44
20,00000000000100000000000000000000,45,46,50,45
21,00000000001000000000000000000000,45,46,49,46
22,00000000010000000000000000000000,42,44,44,45
23,00000000100000000000000000000000,43,44,43,45
24,00000001000000000000000000000000,46,45,48,44
25,00000010000000000000000000000000,46,45,48,44
26,00000100000000000000000000000000,48,43,51,45
27,00001000000000000000000000000000,47,43,51,45
28,00010000000000000000000000000000,47,44,46,43
29,00100000000000000000000000000000,46,43,45,42
30,01000000000000000000000000000000,49,43,49,43
31,10000000000000000000000000000000,49,43,49,42
32,00000000000000000000000000000002,45,51,42,45
33,00000000000000000000000000000020,44,50,42,45
34,00000000000000000000000000000200,44,47,43,43
35,00000000000000000000000000002000,43,46,43,42
36,00000000000000000000000000020000,42,47,44,44
37,00000000000000000000000000200000,42,46,44,44
38,00000000000000000000000002000000,45,50,44,44
39,00000000000000000000000020000000,45,50,44,43
40,00000000000000000000000200000000,43,45,43,43
41,00000000000000000000002000000000,43,45,42,44
42,00000000000000000000020000000000,44,44,44,45
43,00000000000000000000200000000000,43,44,43,45
44,00000000000000000002000000000000,43,47,43,44
45,00000000000000000020000000000000,44,47,43,44
46,00000000000000000200000000000000,43,45,44,43
47,00000000000000002000000000000000,43,44,44,43
48,00000000000000020000000000000000,44,49,42,45
49,00000000000000200000000000000000,44,50,43,45
50,00000000000002000000000000000000,45,51,44,42
51,00000000000020000000000000000000,45,52,44,41
52,00000000000200000000000000000000,45,51,43,44
53,00000000002000000000000000000000,45,50,43,43
54,00000000020000000000000000000000,43,48,45,44
55,00000000200000000000000000000000,42,48,46,44
56,00000002000000000000000000000000,44,48,44,43
57,00000020000000000000000000000000,45,49,43,43
58,00000200000000000000000000000000,42,47,43,45
59,00002000000000000000000000000000,42,47,43,45
60,00020000000000000000000000000000,42,49,42,43
61,00200000000000000000000000000000,43,50,43,44
62,02000000000000000000000000000000,45,48,44,42
63,20000000000000000000000000000000,45,48,44,43
64,00000000000000000000000000000003,63,55,62,50
65,00000000000000000000000000000030,63,55,61,50
66,00000000000000000000000000000300,53,59,57,51
67,00000000000000000000000000003000,54,58,57,52
68,00000000000000000000000000030000,62,61,62,58
69,00000000000000000000000000300000,62,62,62,57
70,00000000000000000000000003000000,56,52,53,58
71,00000000000000000000000030000000,56,52,53,57
72,00000000000000000000000300000000,62,66,55,60
73,00000000000000000000003000000000,63,66,56,59
74,00000000000000000000030000000000,54,53,64,60
75,00000000000000000000300000000000,55,53,63,60
76,00000000000000000003000000000000,66,57,56,55
77,00000000000000000030000000000000,66,57,55,55
78,00000000000000000300000000000000,57,66,64,54
79,00000000000000003000000000000000,57,67,64,54
80,00000000000000030000000000000000,56,61,64,57
81,00000000000000300000000000000000,56,62,64,57
82,00000000000003000000000000000000,63,53,55,56
83,00000000000030000000000000000000,63,54,55,57
84,00000000000300000000000000000000,55,57,63,64
85,00000000003000000000000000000000,55,57,63,64
86,00000000030000000000000000000000,59,62,56,66
87,00000000300000000000000000000000,58,62,56,66
88,00000003000000000000000000000000,57,57,56,57
89,00000030000000000000000000000000,57,56,55,57
90,00000300000000000000000000000000,65,63,61,60
91,00003000000000000000000000000000,64,62,62,61
92,00030000000000000000000000000000,56,62,59,57
93,00300000000000000000000000000000,56,61,59,57
94,03000000000000000000000000000000,67,51,65,54
95,30000000000000000000000000000000,67,51,65,54
96,00000000000000000000000000000004,43,44,44,51
97,00000000000000000000000000000040,42,44,43,51
98,00000000000000000000000000000400,44,45,44,46
99,00000000000000000000000000004000,43,45,44,47
100,00000000000000000000000000040000,43,42,42,46
101,00000000000000000000000000400000,43,43,42,46
102,00000000000000000000000004000000,43,44,43,48
103,00000000000000000000000040000000,43,44,43,47
104,00000000000000000000000400000000,44,42,43,44
105,00000000000000000000004000000000,44,42,42,44
106,00000000000000000000040000000000,45,44,45,51
107,00000000000000000000400000000000,45,44,44,51
108,00000000000000000004000000000000,44,44,44,47
109,00000000000000000040000000000000,45,44,44,47
110,00000000000000000400000000000000,43,43,45,50
111,00000000000000004000000000000000,43,44,45,50
112,00000000000000040000000000000000,44,46,43,49
113,00000000000000400000000000000000,44,45,44,49
114,00000000000004000000000000000000,43,44,44,46
115,00000000000040000000000000000000,43,43,44,46
116,00000000000400000000000000000000,46,43,43,46
117,00000000004000000000000000000000,46,43,43,45
118,00000000040000000000000000000000,44,44,44,44
119,00000000400000000000000000000000,43,44,45,44
120,00000004000000000000000000000000,43,45,44,45
121,00000040000000000000000000000000,44,45,45,45
122,00000400000000000000000000000000,43,46,44,47
123,00004000000000000000000000000000,43,46,44,47
124,00040000000000000000000000000000,42,42,43,44
125,00400000000000000000000000000000,43,43,44,45
126,04000000000000000000000000000000,44,47,44,45
127,40000000000000000000000000000000,44,47,44,44
128,00000000000000000000000000000005,58,56,63,66
129,00000000000000000000000000000050,57,56,64,66
130,00000000000000000000000000000500,67,62,59,69
131,00000000000000000000000000005000,67,63,60,69
132,00000000000000000000000000050000,72,71,61,61
133,00000000000000000000000000500000,71,72,61,62
134,00000000000000000000000005000000,60,71,68,64
135,00000000000000000000000050000000,60,71,68,65
136,00000000000000000000000500000000,69,63,69,58
137,00000000000000000000005000000000,69,64,69,59
138,00000000000000000000050000000000,60,69,58,69
139,00000000000000000000500000000000,61,69,59,69
140,00000000000000000005000000000000,59,56,56,59
141,00000000000000000050000000000000,59,56,55,59
142,00000000000000000500000000000000,66,57,64,69
143,00000000000000005000000000000000,66,56,64,69
144,00000000000000050000000000000000,66,61,60,66
145,00000000000000500000000000000000,66,62,61,66
146,00000000000005000000000000000000,61,63,72,60
147,00000000000050000000000000000000,61,63,72,60
148,00000000000500000000000000000000,62,71,68,69
149,00000000005000000000000000000000,62,71,68,69
150,00000000050000000000000000000000,69,71,63,62
151,00000000500000000000000000000000,70,71,63,62
152,00000005000000000000000000000000,61,69,60,71
153,00000050000000000000000000000000,61,68,60,71
154,00000500000000000000000000000000,74,72,73,63
155,00005000000000000000000000000000,74,72,73,63
156,00050000000000000000000000000000,67,56,69,68
157,00500000000000000000000000000000,67,57,69,68
158,05000000000000000000000000000000,63,57,60,59
159,50000000000000000000000000000000,63,57,60,59
160,00000000000000000000000000000006,57,59,62,69
161,00000000000000000000000000000060,56,59,61,68
162,00000000000000000000000000000600,53,55,61,56
163,00000000000000000000000000006000,52,55,61,57
164,00000000000000000000000000060000,61,63,56,58
165,00000000000000000000000000600000,62,62,56,57
166,00000000000000000000000006000000,58,60,56,63
167,00000000000000000000000060000000,58,60,56,62
168,00000000000000000000000600000000,60,66,51,56
169,00000000000000000000006000000000,59,66,50,57
170,00000000000000000000060000000000,64,56,56,62
171,00000000000000000000600000000000,64,56,55,63
172,00000000000000000006000000000000,55,63,62,62
173,00000000000000000060000000000000,56,63,62,61
174,00000000000000000600000000000000,55,55,66,53
175,00000000000000006000000000000000,55,56,66,53
176,00000000000000060000000000000000,56,57,53,56
177,00000000000000600000000000000000,56,56,54,56
178,00000000000006000000000000000000,54,64,54,67
179,00000000000060000000000000000000,54,63,54,68
180,00000000000600000000000000000000,59,54,64,61
181,00000000006000000000000000000000,59,54,64,62
182,00000000060000000000000000000000,63,62,58,56
183,00000000600000000000000000000000,62,62,59,56
184,00000006000000000000000000000000,55,53,60,62
185,00000060000000000000000000000000,56,52,59,62
186,00000600000000000000000000000000,56,62,58,54
187,00006000000000000000000000000000,56,62,58,54
188,00060000000000000000000000000000,50,55,51,54
189,00600000000000000000000000000000,51,54,52,55
190,06000000000000000000000000000000,53,60,55,62
191,60000000000000000000000000000000,53,60,55,62
192,00000000000000000000000000000007,65,64,77,71
193,00000000000000000000000000000070,64,64,76,71
194,00000000000000000000000000000700,64,66,67,66
195,00000000000000000000000000007000,63,65,67,67
196,00000000000000000000000000070000,69,67,68,65
197,00000000000000000000000000700000,68,68,68,64
198,00000000000000000000000007000000,65,68,68,74
199,00000000000000000000000070000000,65,68,68,73
200,00000000000000000000000700000000,71,71,65,64
201,00000000000000000000007000000000,71,71,65,64
202,00000000000000000000070000000000,67,63,65,65
203,00000000000000000000700000000000,68,63,65,65
204,00000000000000000007000000000000,68,73,63,64
205,00000000000000000070000000000000,68,73,63,64
206,00000000000000000700000000000000,68,68,76,63
207,00000000000000007000000000000000,68,69,76,63
208,00000000000000070000000000000000,63,65,69,67
209,00000000000000700000000000000000,63,65,70,67
210,00000000000007000000000000000000,71,71,67,67
211,00000000000070000000000000000000,71,71,67,67
212,00000000000700000000000000000000,66,72,72,76
213,00000000007000000000000000000000,66,72,72,76
214,00000000070000000000000000000000,73,72,65,71
215,00000000700000000000000000000000,72,72,65,71
216,00000007000000000000000000000000,65,63,66,73
217,00000070000000000000000000000000,65,62,66,73
218,00000700000000000000000000000000,75,68,69,68
219,00007000000000000000000000000000,75,67,69,68
220,00070000000000000000000000000000,67,64,67,64
221,00700000000000000000000000000000,66,63,67,64
222,07000000000000000000000000000000,69,68,72,70
223,70000000000000000000000000000000,69,68,72,70
224,00000000000000000000000000000008,44,45,46,44
225,00000000000000000000000000000080,45,45,45,44
226,00000000000000000000000000000800,42,48,50,41
227,00000000000000000000000000008000,43,47,50,42
228,00000000000000000000000000080000,44,44,45,46
229,00000000000000000000000000800000,44,43,45,46
230,00000000000000000000000008000000,46,49,43,45
231,00000000000000000000000080000000,46,49,43,45
232,00000000000000000000000800000000,45,46,41,45
233,00000000000000000000008000000000,45,46,42,44
234,00000000000000000000080000000000,49,43,45,45
235,00000000000000000000800000000000,50,43,44,45
236,00000000000000000008000000000000,46,45,47,44
237,00000000000000000080000000000000,45,45,48,44
238,00000000000000000800000000000000,42,42,46,42
239,00000000000000008000000000000000,42,43,46,42
240,00000000000000080000000000000000,43,47,44,44
241,00000000000000800000000000000000,43,47,43,44
242,00000000000008000000000000000000,44,49,43,43
243,00000000000080000000000000000000,44,50,43,44
244,00000000000800000000000000000000,45,49,44,43
245,00000000008000000000000000000000,45,50,44,44
246,00000000080000000000000000000000,45,44,46,50
247,00000000800000000000000000000000,44,44,45,50
248,00000008000000000000000000000000,46,48,45,47
249,00000080000000000000000000000000,46,47,46,47
250,00000800000000000000000000000000,46,44,47,47
251,00008000000000000000000000000000,46,44,47,47
252,00080000000000000000000000000000,42,43,42,43
253,00800000000000000000000000000000,41,42,41,42
254,08000000000000000000000000000000,44,50,44,41
255,80000000000000000000000000000000,44,50,44,41
256,00000000000000000000000000000009,63,71,62,69
257,00000000000000000000000000000090,64,72,62,69
258,00000000000000000000000000000900,61,60,71,66
259,00000000000000000000000000009000,62,59,71,67
260,00000000000000000000000000090000,60,60,64,64
261,00000000000000000000000000900000,60,59,64,64
262,00000000000000000000000009000000,67,64,63,66
263,00000000000000000000000090000000,67,64,63,65
264,00000000000000000000000900000000,63,65,63,60
265,00000000000000000000009000000000,63,65,64,61
266,00000000000000000000090000000000,72,60,61,59
267,00000000000000000000900000000000,71,60,60,59
268,00000000000000000009000000000000,61,64,68,71
269,00000000000000000090000000000000,60,64,68,71
270,00000000000000000900000000000000,65,60,65,60
271,00000000000000009000000000000000,65,60,64,60
272,00000000000000090000000000000000,61,56,63,59
273,00000000000000900000000000000000,61,57,64,59
274,00000000000009000000000000000000,64,68,66,65
275,00000000000090000000000000000000,64,69,66,66
276,00000000000900000000000000000000,72,63,62,62
277,00000000009000000000000000000000,72,63,62,61
278,00000000090000000000000000000000,63,60,71,62
279,00000000900000000000000000000000,62,60,70,62
280,00000009000000000000000000000000,69,62,66,63
281,00000090000000000000000000000000,68,61,66,63
282,00000900000000000000000000000000,64,54,62,66
283,00009000000000000000000000000000,63,53,62,66
284,00090000000000000000000000000000,66,57,57,63
285,00900000000000000000000000000000,65,56,56,62
286,09000000000000000000000000000000,65,68,63,60
287,90000000000000000000000000000000,65,67,63,60
288,0000000000000000000000000000000a,70,70,65,69
289,000000000000000000000000000000a0,70,70,65,69
290,00000000000000000000000000000a00,68,60,70,66
291,0000000000000000000000000000a000,68,59,70,66
292,000000000000000000000000000a0000,62,62,67,67
293,00000000000000000000000000a00000,61,61,67,67
294,0000000000000000000000000a000000,70,70,70,64
295,000000000000000000000000a0000000,70,70,70,64
296,00000000000000000000000a00000000,67,70,68,68
297,0000000000000000000000a000000000,67,70,67,69
298,000000000000000000000a0000000000,71,67,69,62
299,00000000000000000000a00000000000,71,67,68,62
300,0000000000000000000a000000000000,67,70,68,71
301,000000000000000000a0000000000000,67,70,68,71
302,00000000000000000a00000000000000,70,70,69,67
303,0000000000000000a000000000000000,70,70,69,67
304,000000000000000a0000000000000000,68,71,68,72
305,00000000000000a00000000000000000,68,71,67,72
306,0000000000000a000000000000000000,62,73,72,66
307,000000000000a0000000000000000000,62,72,72,66
308,00000000000a00000000000000000000,71,70,70,68
309,0000000000a000000000000000000000,71,70,70,69
310,000000000a0000000000000000000000,65,67,68,69
311,00000000a00000000000000000000000,64,67,67,69
312,0000000a000000000000000000000000,68,70,66,64
313,000000a0000000000000000000000000,68,70,67,64
314,00000a00000000000000000000000000,66,61,60,68
315,0000a000000000000000000000000000,66,62,60,68
316,000a0000000000000000000000000000,70,69,67,72
317,00a00000000000000000000000000000,71,69,67,72
318,0a000000000000000000000000000000,66,63,65,65
319,a0000000000000000000000000000000,66,63,65,64
320,0000000000000000000000000000000b,75,71,72,74
321,000000000000000000000000000000b0,75,71,72,74
322,00000000000000000000000000000b00,66,67,72,68
323,0000000000000000000000000000b000,65,66,72,69
324,000000000000000000000000000b0000,71,68,68,74
325,00000000000000000000000000b00000,72,67,68,74
326,0000000000000000000000000b000000,70,69,71,72
327,000000000000000000000000b0000000,70,69,71,72
328,00000000000000000000000b00000000,69,79,68,72
329,0000000000000000000000b000000000,69,79,67,72
330,000000000000000000000b0000000000,72,69,69,70
331,00000000000000000000b00000000000,71,69,68,70
332,0000000000000000000b000000000000,68,75,72,75
333,000000000000000000b0000000000000,68,75,72,75
334,00000000000000000b00000000000000,66,76,72,66
335,0000000000000000b000000000000000,66,76,72,66
336,000000000000000b0000000000000000,68,75,73,69
337,00000000000000b00000000000000000,68,74,73,69
338,0000000000000b000000000000000000,71,72,66,69
339,000000000000b0000000000000000000,71,71,66,69
340,00000000000b00000000000000000000,74,71,74,70
341,0000000000b000000000000000000000,74,70,74,71
342,000000000b0000000000000000000000,74,69,75,72
343,00000000b00000000000000000000000,73,69,74,72
344,0000000b000000000000000000000000,73,69,65,70
345,000000b0000000000000000000000000,73,69,66,70
346,00000b00000000000000000000000000,69,68,71,74
347,0000b000000000000000000000000000,69,68,71,74
348,000b0000000000000000000000000000,70,69,69,70
349,00b00000000000000000000000000000,71,69,69,70
350,0b000000000000000000000000000000,72,66,75,71
351,b0000000000000000000000000000000,72,66,75,70
352,0000000000000000000000000000000c,70,61,62,66
353,000000000000000000000000000000c0,69,61,61,66
354,00000000000000000000000000000c00,62,67,66,64
355,0000000000000000000000000000c000,62,66,65,65
356,000000000000000000000000000c0000,60,54,62,69
357,00000000000000000000000000c00000,60,53,62,68
358,0000000000000000000000000c000000,64,59,61,66
359,000000000000000000000000c0000000,64,59,61,65
360,00000000000000000000000c00000000,59,65,59,62
361,0000000000000000000000c000000000,59,65,60,63
362,000000000000000000000c0000000000,60,59,62,58
363,00000000000000000000c00000000000,61,60,61,58
364,0000000000000000000c000000000000,67,62,62,67
365,000000000000000000c0000000000000,67,62,62,67
366,00000000000000000c00000000000000,60,66,62,61
367,0000000000000000c000000000000000,60,66,62,61
368,000000000000000c0000000000000000,64,65,70,63
369,00000000000000c00000000000000000,64,64,70,62
370,0000000000000c000000000000000000,61,60,67,58
371,000000000000c0000000000000000000,61,61,66,57
372,00000000000c00000000000000000000,64,62,63,60
373,0000000000c000000000000000000000,64,61,63,61
374,000000000c0000000000000000000000,60,60,63,71
375,00000000c00000000000000000000000,59,60,64,72
376,0000000c000000000000000000000000,62,64,62,61
377,000000c0000000000000000000000000,61,64,62,61
378,00000c00000000000000000000000000,64,60,62,75
379,0000c000000000000000000000000000,64,59,61,75
380,000c0000000000000000000000000000,64,67,66,62
381,00c00000000000000000000000000000,65,68,66,62
382,0c000000000000000000000000000000,68,61,64,59
383,c0000000000000000000000000000000,68,61,64,59
384,0000000000000000000000000000000d,71,76,74,76
385,000000000000000000000000000000d0,71,76,73,76
386,00000000000000000000000000000d00,66,71,75,67
387,0000000000000000000000000000d000,67,70,75,68
388,000000000000000000000000000d0000,67,67,68,70
389,00000000000000000000000000d00000,68,66,68,69
390,0000000000000000000000000d000000,67,71,69,69
391,000000000000000000000000d0000000,67,71,69,69
392,00000000000000000000000d00000000,72,68,69,63
393,0000000000000000000000d000000000,71,68,70,63
394,000000000000000000000d0000000000,72,65,64,64
395,00000000000000000000d00000000000,71,66,65,64
396,0000000000000000000d000000000000,72,70,69,70
397,000000000000000000d0000000000000,72,70,69,70
398,00000000000000000d00000000000000,72,66,70,65
399,0000000000000000d000000000000000,72,66,70,65
400,000000000000000d0000000000000000,69,65,74,72
401,00000000000000d00000000000000000,69,64,74,72
402,0000000000000d000000000000000000,71,68,73,71
403,000000000000d0000000000000000000,71,69,73,70
404,00000000000d00000000000000000000,76,71,70,74
405,0000000000d000000000000000000000,76,72,70,75
406,000000000d0000000000000000000000,72,70,72,75
407,00000000d00000000000000000000000,73,70,71,76
408,0000000d000000000000000000000000,73,71,66,69
409,000000d0000000000000000000000000,72,72,66,69
410,00000d00000000000000000000000000,71,66,68,76
411,0000d000000000000000000000000000,71,67,68,77
412,000d0000000000000000000000000000,70,71,68,70
413,00d00000000000000000000000000000,69,72,68,70
414,0d000000000000000000000000000000,73,74,71,71
415,d0000000000000000000000000000000,73,74,71,71
416,0000000000000000000000000000000e,74,71,71,74
417,000000000000000000000000000000e0,74,72,72,74
418,00000000000000000000000000000e00,66,67,72,68
419,0000000000000000000000000000e000,67,66,72,69
420,000000000000000000000000000e0000,71,68,72,76
421,00000000000000000000000000e00000,71,67,72,76
422,0000000000000000000000000e000000,71,70,71,73
423,000000000000000000000000e0000000,71,71,71,72
424,00000000000000000000000e00000000,70,79,66,70
425,0000000000000000000000e000000000,70,79,66,69
426,000000000000000000000e0000000000,72,68,69,70
427,00000000000000000000e00000000000,71,68,68,70
428,0000000000000000000e000000000000,68,73,70,76
429,000000000000000000e0000000000000,68,73,70,76
430,00000000000000000e00000000000000,69,75,73,66
431,0000000000000000e000000000000000,69,75,72,66
432,000000000000000e0000000000000000,69,77,74,67
433,00000000000000e00000000000000000,69,76,73,67
434,0000000000000e000000000000000000,68,72,73,69
435,000000000000e0000000000000000000,68,73,73,69
436,00000000000e00000000000000000000,74,72,75,70
437,0000000000e000000000000000000000,74,72,75,71
438,000000000e0000000000000000000000,73,69,74,72
439,00000000e00000000000000000000000,72,69,74,72
440,0000000e000000000000000000000000,70,68,68,72
441,000000e0000000000000000000000000,70,67,69,72
442,00000e00000000000000000000000000,69,68,70,74
443,0000e000000000000000000000000000,69,68,70,74
444,000e0000000000000000000000000000,70,72,69,71
445,00e00000000000000000000000000000,71,72,69,71
446,0e000000000000000000000000000000,72,63,75,70
447,e0000000000000000000000000000000,72,63,75,69
448,0000000000000000000000000000000f,75,76,75,75
449,000000000000000000000000000000f0,75,76,74,75
450,00000000000000000000000000000f00,70,70,78,71
451,0000000000000000000000000000f000,71,70,78,72
452,000000000000000000000000000f0000,75,74,76,77
453,00000000000000000000000000f00000,75,74,76,76
454,0000000000000000000000000f000000,75,70,70,75
455,000000000000000000000000f0000000,75,70,70,75
456,00000000000000000000000f00000000,71,75,72,73
457,0000000000000000000000f000000000,71,75,72,73
458,000000000000000000000f0000000000,75,71,72,71
459,00000000000000000000f00000000000,75,71,71,71
460,0000000000000000000f000000000000,76,77,77,75
461,000000000000000000f0000000000000,76,77,77,75
462,00000000000000000f00000000000000,71,77,77,68
463,0000000000000000f000000000000000,71,78,77,68
464,000000000000000f0000000000000000,74,77,76,71
465,00000000000000f00000000000000000,74,76,75,71
466,0000000000000f000000000000000000,75,75,75,73
467,000000000000f0000000000000000000,75,75,75,74
468,00000000000f00000000000000000000,77,76,76,75
469,0000000000f000000000000000000000,77,76,75,75
470,000000000f0000000000000000000000,76,71,75,78
471,00000000f00000000000000000000000,75,71,74,78
472,0000000f000000000000000000000000,77,70,72,74
473,000000f0000000000000000000000000,77,70,71,73
474,00000f00000000000000000000000000,74,74,68,79
475,0000f000000000000000000000000000,74,74,68,79
476,000f0000000000000000000000000000,74,74,73,75
477,00f00000000000000000000000000000,73,74,73,75
478,0f000000000000000000000000000000,76,71,74,75
479,f0000000000000000000000000000000,76,71,74,74
