,input_diff,round0,round1,round2,round3
0,0x00000000000000000000000000000002,2,2,2,2
1,0x00000000000000000000000000000020,3,3,3,3
2,0x00000000000000000000000000000400,3,3,3,3
3,0x00000000000000000000000000004000,3,3,3,3
4,0x00000000000000000000000000080000,3,3,3,3
5,0x00000000000000000000000000800000,3,3,3,3
6,0x00000000000000000000000001000000,3,3,3,3
7,0x00000000000000000000000010000000,3,3,3,3
8,0x00000000000000000000000200000000,3,3,3,3
9,0x00000000000000000000002000000000,3,3,3,3
10,0x00000000000000000000040000000000,3,3,3,3
11,0x00000000000000000000400000000000,3,3,3,3
12,0x00000000000000000008000000000000,3,3,3,3
13,0x00000000000000000080000000000000,3,3,3,3
14,0x00000000000000000100000000000000,3,3,3,3
15,0x00000000000000001000000000000000,3,3,3,3
16,0x00000000000000020000000000000000,3,3,3,3
17,0x00000000000000200000000000000000,3,3,3,3
18,0x00000000000004000000000000000000,3,3,3,3
19,0x00000000000040000000000000000000,3,3,3,3
20,0x00000000000800000000000000000000,3,3,3,3
21,0x00000000008000000000000000000000,3,3,3,3
22,0x00000000010000000000000000000000,3,3,3,3
23,0x00000000100000000000000000000000,3,3,3,3
24,0x00000002000000000000000000000000,3,3,3,3
25,0x00000020000000000000000000000000,3,3,3,3
26,0x00000400000000000000000000000000,3,3,3,3
27,0x00004000000000000000000000000000,3,3,3,3
28,0x00080000000000000000000000000000,3,3,3,3
29,0x00800000000000000000000000000000,3,3,3,3
30,0x01000000000000000000000000000000,3,3,3,3
31,0x10000000000000000000000000000000,3,3,3,3
32,0x00000000000000000000000000000004,2,2,2,2
33,0x00000000000000000000000000000040,3,3,3,3
34,0x00000000000000000000000000008000,3,3,3,3
35,0x00000000000000000000000000000800,3,3,3,3
36,0x00000000000000000000000000100000,3,3,3,3
37,0x00000000000000000000000000010000,3,3,3,3
38,0x00000000000000000000000020000000,3,3,3,3
39,0x00000000000000000000000002000000,3,3,3,3
40,0x00000000000000000000000400000000,3,3,3,3
41,0x00000000000000000000004000000000,3,3,3,3
42,0x00000000000000000000800000000000,3,3,3,3
43,0x00000000000000000000080000000000,3,3,3,3
44,0x00000000000000000010000000000000,3,3,3,3
45,0x00000000000000000001000000000000,3,3,3,3
46,0x00000000000000002000000000000000,3,3,3,3
47,0x00000000000000000200000000000000,3,3,3,3
48,0x00000000000000040000000000000000,3,3,3,3
49,0x00000000000000400000000000000000,3,3,3,3
50,0x00000000000080000000000000000000,3,3,3,3
51,0x00000000000008000000000000000000,3,3,3,3
52,0x00000000001000000000000000000000,3,3,3,3
53,0x00000000000100000000000000000000,3,3,3,3
54,0x00000000200000000000000000000000,3,3,3,3
55,0x00000000020000000000000000000000,3,3,3,3
56,0x00000004000000000000000000000000,3,3,3,3
57,0x00000040000000000000000000000000,3,3,3,3
58,0x00008000000000000000000000000000,3,3,3,3
59,0x00000800000000000000000000000000,3,3,3,3
60,0x00100000000000000000000000000000,3,3,3,3
61,0x00010000000000000000000000000000,3,3,3,3
62,0x20000000000000000000000000000000,3,3,3,3
63,0x02000000000000000000000000000000,3,3,3,3
64,0x00000000000000000000000000000006,2,2,2,2
65,0x00000000000000000000000000000060,3,3,3,3
66,0x00000000000000000000000000008400,3,3,3,3
67,0x00000000000000000000000000004800,3,3,3,3
68,0x00000000000000000000000000180000,3,3,3,3
69,0x00000000000000000000000000810000,3,3,3,3
70,0x00000000000000000000000021000000,3,3,3,3
71,0x00000000000000000000000012000000,3,3,3,3
72,0x00000000000000000000000600000000,3,3,3,3
73,0x00000000000000000000006000000000,3,3,3,3
74,0x00000000000000000000840000000000,3,3,3,3
75,0x00000000000000000000480000000000,3,3,3,3
76,0x00000000000000000018000000000000,3,3,3,3
77,0x00000000000000000081000000000000,3,3,3,3
78,0x00000000000000002100000000000000,3,3,3,3
79,0x00000000000000001200000000000000,3,3,3,3
80,0x00000000000000060000000000000000,3,3,3,3
81,0x00000000000000600000000000000000,3,3,3,3
82,0x00000000000084000000000000000000,3,3,3,3
83,0x00000000000048000000000000000000,3,3,3,3
84,0x00000000001800000000000000000000,3,3,3,3
85,0x00000000008100000000000000000000,3,3,3,3
86,0x00000000210000000000000000000000,3,3,3,3
87,0x00000000120000000000000000000000,3,3,3,3
88,0x00000006000000000000000000000000,3,3,3,3
89,0x00000060000000000000000000000000,3,3,3,3
90,0x00008400000000000000000000000000,3,3,3,3
91,0x00004800000000000000000000000000,3,3,3,3
92,0x00180000000000000000000000000000,3,3,3,3
93,0x00810000000000000000000000000000,3,3,3,3
94,0x21000000000000000000000000000000,3,3,3,3
95,0x12000000000000000000000000000000,3,3,3,3
96,0x00000000000000000000000000000080,2,2,2,2
97,0x00000000000000000000000000000008,3,3,3,3
98,0x00000000000000000000000000000100,3,3,3,3
99,0x00000000000000000000000000001000,3,3,3,3
100,0x00000000000000000000000000200000,3,3,3,3
101,0x00000000000000000000000000020000,3,3,3,3
102,0x00000000000000000000000004000000,3,3,3,3
103,0x00000000000000000000000040000000,3,3,3,3
104,0x00000000000000000000008000000000,3,3,3,3
105,0x00000000000000000000000800000000,3,3,3,3
106,0x00000000000000000000010000000000,3,3,3,3
107,0x00000000000000000000100000000000,3,3,3,3
108,0x00000000000000000020000000000000,3,3,3,3
109,0x00000000000000000002000000000000,3,3,3,3
110,0x00000000000000000400000000000000,3,3,3,3
111,0x00000000000000004000000000000000,3,3,3,3
112,0x00000000000000800000000000000000,3,3,3,3
113,0x00000000000000080000000000000000,3,3,3,3
114,0x00000000000001000000000000000000,3,3,3,3
115,0x00000000000010000000000000000000,3,3,3,3
116,0x00000000002000000000000000000000,3,3,3,3
117,0x00000000000200000000000000000000,3,3,3,3
118,0x00000000040000000000000000000000,3,3,3,3
119,0x00000000400000000000000000000000,3,3,3,3
120,0x00000080000000000000000000000000,3,3,3,3
121,0x00000008000000000000000000000000,3,3,3,3
122,0x00000100000000000000000000000000,3,3,3,3
123,0x00001000000000000000000000000000,3,3,3,3
124,0x00200000000000000000000000000000,3,3,3,3
125,0x00020000000000000000000000000000,3,3,3,3
126,0x04000000000000000000000000000000,3,3,3,3
127,0x40000000000000000000000000000000,3,3,3,3
128,0x00000000000000000000000000000082,2,2,2,2
129,0x00000000000000000000000000000028,3,3,3,3
130,0x00000000000000000000000000000500,3,3,3,3
131,0x00000000000000000000000000005000,3,3,3,3
132,0x00000000000000000000000000280000,3,3,3,3
133,0x00000000000000000000000000820000,3,3,3,3
134,0x00000000000000000000000005000000,3,3,3,3
135,0x00000000000000000000000050000000,3,3,3,3
136,0x00000000000000000000008200000000,3,3,3,3
137,0x00000000000000000000002800000000,3,3,3,3
138,0x00000000000000000000050000000000,3,3,3,3
139,0x00000000000000000000500000000000,3,3,3,3
140,0x00000000000000000028000000000000,3,3,3,3
141,0x00000000000000000082000000000000,3,3,3,3
142,0x00000000000000000500000000000000,3,3,3,3
143,0x00000000000000005000000000000000,3,3,3,3
144,0x00000000000000820000000000000000,3,3,3,3
145,0x00000000000000280000000000000000,3,3,3,3
146,0x00000000000005000000000000000000,3,3,3,3
147,0x00000000000050000000000000000000,3,3,3,3
148,0x00000000002800000000000000000000,3,3,3,3
149,0x00000000008200000000000000000000,3,3,3,3
150,0x00000000050000000000000000000000,3,3,3,3
151,0x00000000500000000000000000000000,3,3,3,3
152,0x00000082000000000000000000000000,3,3,3,3
153,0x00000028000000000000000000000000,3,3,3,3
154,0x00000500000000000000000000000000,3,3,3,3
155,0x00005000000000000000000000000000,3,3,3,3
156,0x00280000000000000000000000000000,3,3,3,3
157,0x00820000000000000000000000000000,3,3,3,3
158,0x05000000000000000000000000000000,3,3,3,3
159,0x50000000000000000000000000000000,3,3,3,3
160,0x00000000000000000000000000000084,2,2,2,2
161,0x00000000000000000000000000000048,3,3,3,3
162,0x00000000000000000000000000008100,3,3,3,3
163,0x00000000000000000000000000001800,3,3,3,3
164,0x00000000000000000000000000300000,3,3,3,3
165,0x00000000000000000000000000030000,3,3,3,3
166,0x00000000000000000000000024000000,3,3,3,3
167,0x00000000000000000000000042000000,3,3,3,3
168,0x00000000000000000000008400000000,3,3,3,3
169,0x00000000000000000000004800000000,3,3,3,3
170,0x00000000000000000000810000000000,3,3,3,3
171,0x00000000000000000000180000000000,3,3,3,3
172,0x00000000000000000030000000000000,3,3,3,3
173,0x00000000000000000003000000000000,3,3,3,3
174,0x00000000000000002400000000000000,3,3,3,3
175,0x00000000000000004200000000000000,3,3,3,3
176,0x00000000000000840000000000000000,3,3,3,3
177,0x00000000000000480000000000000000,3,3,3,3
178,0x00000000000081000000000000000000,3,3,3,3
179,0x00000000000018000000000000000000,3,3,3,3
180,0x00000000003000000000000000000000,3,3,3,3
181,0x00000000000300000000000000000000,3,3,3,3
182,0x00000000240000000000000000000000,3,3,3,3
183,0x00000000420000000000000000000000,3,3,3,3
184,0x00000084000000000000000000000000,3,3,3,3
185,0x00000048000000000000000000000000,3,3,3,3
186,0x00008100000000000000000000000000,3,3,3,3
187,0x00001800000000000000000000000000,3,3,3,3
188,0x00300000000000000000000000000000,3,3,3,3
189,0x00030000000000000000000000000000,3,3,3,3
190,0x24000000000000000000000000000000,3,3,3,3
191,0x42000000000000000000000000000000,3,3,3,3
192,0x00000000000000000000000000000086,2,2,2,2
193,0x00000000000000000000000000000068,3,3,3,3
194,0x00000000000000000000000000008500,3,3,3,3
195,0x00000000000000000000000000005800,3,3,3,3
196,0x00000000000000000000000000380000,3,3,3,3
197,0x00000000000000000000000000830000,3,3,3,3
198,0x00000000000000000000000025000000,3,3,3,3
199,0x00000000000000000000000052000000,3,3,3,3
200,0x00000000000000000000008600000000,3,3,3,3
201,0x00000000000000000000006800000000,3,3,3,3
202,0x00000000000000000000850000000000,3,3,3,3
203,0x00000000000000000000580000000000,3,3,3,3
204,0x00000000000000000038000000000000,3,3,3,3
205,0x00000000000000000083000000000000,3,3,3,3
206,0x00000000000000002500000000000000,3,3,3,3
207,0x00000000000000005200000000000000,3,3,3,3
208,0x00000000000000860000000000000000,3,3,3,3
209,0x00000000000000680000000000000000,3,3,3,3
210,0x00000000000085000000000000000000,3,3,3,3
211,0x00000000000058000000000000000000,3,3,3,3
212,0x00000000003800000000000000000000,3,3,3,3
213,0x00000000008300000000000000000000,3,3,3,3
214,0x00000000250000000000000000000000,3,3,3,3
215,0x00000000520000000000000000000000,3,3,3,3
216,0x00000086000000000000000000000000,3,3,3,3
217,0x00000068000000000000000000000000,3,3,3,3
218,0x00008500000000000000000000000000,3,3,3,3
219,0x00005800000000000000000000000000,3,3,3,3
220,0x00380000000000000000000000000000,3,3,3,3
221,0x00830000000000000000000000000000,3,3,3,3
222,0x25000000000000000000000000000000,3,3,3,3
223,0x52000000000000000000000000000000,3,3,3,3
224,0x00000000000000000000000000000010,3,3,3,3
225,0x00000000000000000000000000000001,4,4,4,4
226,0x00000000000000000000000000000200,4,4,4,4
227,0x00000000000000000000000000002000,4,4,4,4
228,0x00000000000000000000000000040000,4,4,4,4
229,0x00000000000000000000000000400000,4,4,4,4
230,0x00000000000000000000000080000000,4,4,4,4
231,0x00000000000000000000000008000000,4,4,4,4
232,0x00000000000000000000001000000000,4,4,4,4
233,0x00000000000000000000000100000000,4,4,4,4
234,0x00000000000000000000020000000000,4,4,4,4
235,0x00000000000000000000200000000000,4,4,4,4
236,0x00000000000000000004000000000000,4,4,4,4
237,0x00000000000000000040000000000000,4,4,4,4
238,0x00000000000000008000000000000000,4,4,4,4
239,0x00000000000000000800000000000000,4,4,4,4
240,0x00000000000000100000000000000000,4,4,4,4
241,0x00000000000000010000000000000000,4,4,4,4
242,0x00000000000002000000000000000000,4,4,4,4
243,0x00000000000020000000000000000000,4,4,4,4
244,0x00000000000400000000000000000000,4,4,4,4
245,0x00000000004000000000000000000000,4,4,4,4
246,0x00000000800000000000000000000000,4,4,4,4
247,0x00000000080000000000000000000000,4,4,4,4
248,0x00000010000000000000000000000000,4,4,4,4
249,0x00000001000000000000000000000000,4,4,4,4
250,0x00000200000000000000000000000000,4,4,4,4
251,0x00002000000000000000000000000000,4,4,4,4
252,0x00040000000000000000000000000000,4,4,4,4
253,0x00400000000000000000000000000000,4,4,4,4
254,0x80000000000000000000000000000000,4,4,4,4
255,0x08000000000000000000000000000000,4,4,4,4
256,0x00000000000000000000000000000012,2,2,2,2
257,0x00000000000000000000000000000021,3,3,3,3
258,0x00000000000000000000000000000600,3,3,3,3
259,0x00000000000000000000000000006000,3,3,3,3
260,0x000000000000000000000000000c0000,3,3,3,3
261,0x00000000000000000000000000c00000,3,3,3,3
262,0x00000000000000000000000081000000,3,3,3,3
263,0x00000000000000000000000018000000,3,3,3,3
264,0x00000000000000000000001200000000,3,3,3,3
265,0x00000000000000000000002100000000,3,3,3,3
266,0x00000000000000000000060000000000,3,3,3,3
267,0x00000000000000000000600000000000,3,3,3,3
268,0x0000000000000000000c000000000000,3,3,3,3
269,0x000000000000000000c0000000000000,3,3,3,3
270,0x00000000000000008100000000000000,3,3,3,3
271,0x00000000000000001800000000000000,3,3,3,3
272,0x00000000000000120000000000000000,3,3,3,3
273,0x00000000000000210000000000000000,3,3,3,3
274,0x00000000000006000000000000000000,3,3,3,3
275,0x00000000000060000000000000000000,3,3,3,3
276,0x00000000000c00000000000000000000,3,3,3,3
277,0x0000000000c000000000000000000000,3,3,3,3
278,0x00000000810000000000000000000000,3,3,3,3
279,0x00000000180000000000000000000000,3,3,3,3
280,0x00000012000000000000000000000000,3,3,3,3
281,0x00000021000000000000000000000000,3,3,3,3
282,0x00000600000000000000000000000000,3,3,3,3
283,0x00006000000000000000000000000000,3,3,3,3
284,0x000c0000000000000000000000000000,3,3,3,3
285,0x00c00000000000000000000000000000,3,3,3,3
286,0x81000000000000000000000000000000,3,3,3,3
287,0x18000000000000000000000000000000,3,3,3,3
288,0x00000000000000000000000000000014,2,2,2,2
289,0x00000000000000000000000000000041,3,3,3,3
290,0x00000000000000000000000000008200,3,3,3,3
291,0x00000000000000000000000000002800,3,3,3,3
292,0x00000000000000000000000000140000,3,3,3,3
293,0x00000000000000000000000000410000,3,3,3,3
294,0x000000000000000000000000a0000000,3,3,3,3
295,0x0000000000000000000000000a000000,3,3,3,3
296,0x00000000000000000000001400000000,3,3,3,3
297,0x00000000000000000000004100000000,3,3,3,3
298,0x00000000000000000000820000000000,3,3,3,3
299,0x00000000000000000000280000000000,3,3,3,3
300,0x00000000000000000014000000000000,3,3,3,3
301,0x00000000000000000041000000000000,3,3,3,3
302,0x0000000000000000a000000000000000,3,3,3,3
303,0x00000000000000000a00000000000000,3,3,3,3
304,0x00000000000000140000000000000000,3,3,3,3
305,0x00000000000000410000000000000000,3,3,3,3
306,0x00000000000082000000000000000000,3,3,3,3
307,0x00000000000028000000000000000000,3,3,3,3
308,0x00000000001400000000000000000000,3,3,3,3
309,0x00000000004100000000000000000000,3,3,3,3
310,0x00000000a00000000000000000000000,3,3,3,3
311,0x000000000a0000000000000000000000,3,3,3,3
312,0x00000014000000000000000000000000,3,3,3,3
313,0x00000041000000000000000000000000,3,3,3,3
314,0x00008200000000000000000000000000,3,3,3,3
315,0x00002800000000000000000000000000,3,3,3,3
316,0x00140000000000000000000000000000,3,3,3,3
317,0x00410000000000000000000000000000,3,3,3,3
318,0xa0000000000000000000000000000000,3,3,3,3
319,0x0a000000000000000000000000000000,3,3,3,3
320,0x00000000000000000000000000000016,2,2,2,2
321,0x00000000000000000000000000000061,3,3,3,3
322,0x00000000000000000000000000008600,3,3,3,3
323,0x00000000000000000000000000006800,3,3,3,3
324,0x000000000000000000000000001c0000,3,3,3,3
325,0x00000000000000000000000000c10000,3,3,3,3
326,0x000000000000000000000000a1000000,3,3,3,3
327,0x0000000000000000000000001a000000,3,3,3,3
328,0x00000000000000000000001600000000,3,3,3,3
329,0x00000000000000000000006100000000,3,3,3,3
330,0x00000000000000000000860000000000,3,3,3,3
331,0x00000000000000000000680000000000,3,3,3,3
332,0x0000000000000000001c000000000000,3,3,3,3
333,0x000000000000000000c1000000000000,3,3,3,3
334,0x0000000000000000a100000000000000,3,3,3,3
335,0x00000000000000001a00000000000000,3,3,3,3
336,0x00000000000000160000000000000000,3,3,3,3
337,0x00000000000000610000000000000000,3,3,3,3
338,0x00000000000086000000000000000000,3,3,3,3
339,0x00000000000068000000000000000000,3,3,3,3
340,0x00000000001c00000000000000000000,3,3,3,3
341,0x0000000000c100000000000000000000,3,3,3,3
342,0x00000000a10000000000000000000000,3,3,3,3
343,0x000000001a0000000000000000000000,3,3,3,3
344,0x00000016000000000000000000000000,3,3,3,3
345,0x00000061000000000000000000000000,3,3,3,3
346,0x00008600000000000000000000000000,3,3,3,3
347,0x00006800000000000000000000000000,3,3,3,3
348,0x001c0000000000000000000000000000,3,3,3,3
349,0x00c10000000000000000000000000000,3,3,3,3
350,0xa1000000000000000000000000000000,3,3,3,3
351,0x1a000000000000000000000000000000,3,3,3,3
352,0x00000000000000000000000000000090,2,2,2,2
353,0x00000000000000000000000000000009,3,3,3,3
354,0x00000000000000000000000000000300,3,3,3,3
355,0x00000000000000000000000000003000,3,3,3,3
356,0x00000000000000000000000000240000,3,3,3,3
357,0x00000000000000000000000000420000,3,3,3,3
358,0x00000000000000000000000084000000,3,3,3,3
359,0x00000000000000000000000048000000,3,3,3,3
360,0x00000000000000000000009000000000,3,3,3,3
361,0x00000000000000000000000900000000,3,3,3,3
362,0x00000000000000000000030000000000,3,3,3,3
363,0x00000000000000000000300000000000,3,3,3,3
364,0x00000000000000000024000000000000,3,3,3,3
365,0x00000000000000000042000000000000,3,3,3,3
366,0x00000000000000008400000000000000,3,3,3,3
367,0x00000000000000004800000000000000,3,3,3,3
368,0x00000000000000900000000000000000,3,3,3,3
369,0x00000000000000090000000000000000,3,3,3,3
370,0x00000000000003000000000000000000,3,3,3,3
371,0x00000000000030000000000000000000,3,3,3,3
372,0x00000000002400000000000000000000,3,3,3,3
373,0x00000000004200000000000000000000,3,3,3,3
374,0x00000000840000000000000000000000,3,3,3,3
375,0x00000000480000000000000000000000,3,3,3,3
376,0x00000090000000000000000000000000,3,3,3,3
377,0x00000009000000000000000000000000,3,3,3,3
378,0x00000300000000000000000000000000,3,3,3,3
379,0x00003000000000000000000000000000,3,3,3,3
380,0x00240000000000000000000000000000,3,3,3,3
381,0x00420000000000000000000000000000,3,3,3,3
382,0x84000000000000000000000000000000,3,3,3,3
383,0x48000000000000000000000000000000,3,3,3,3
384,0x00000000000000000000000000000092,2,2,2,2
385,0x00000000000000000000000000000029,3,3,3,3
386,0x00000000000000000000000000000700,3,3,3,3
387,0x00000000000000000000000000007000,3,3,3,3
388,0x000000000000000000000000002c0000,3,3,3,3
389,0x00000000000000000000000000c20000,3,3,3,3
390,0x00000000000000000000000085000000,3,3,3,3
391,0x00000000000000000000000058000000,3,3,3,3
392,0x00000000000000000000009200000000,3,3,3,3
393,0x00000000000000000000002900000000,3,3,3,3
394,0x00000000000000000000070000000000,3,3,3,3
395,0x00000000000000000000700000000000,3,3,3,3
396,0x0000000000000000002c000000000000,3,3,3,3
397,0x000000000000000000c2000000000000,3,3,3,3
398,0x00000000000000008500000000000000,3,3,3,3
399,0x00000000000000005800000000000000,3,3,3,3
400,0x00000000000000920000000000000000,3,3,3,3
401,0x00000000000000290000000000000000,3,3,3,3
402,0x00000000000007000000000000000000,3,3,3,3
403,0x00000000000070000000000000000000,3,3,3,3
404,0x00000000002c00000000000000000000,3,3,3,3
405,0x0000000000c200000000000000000000,3,3,3,3
406,0x00000000850000000000000000000000,3,3,3,3
407,0x00000000580000000000000000000000,3,3,3,3
408,0x00000092000000000000000000000000,3,3,3,3
409,0x00000029000000000000000000000000,3,3,3,3
410,0x00000700000000000000000000000000,3,3,3,3
411,0x00007000000000000000000000000000,3,3,3,3
412,0x002c0000000000000000000000000000,3,3,3,3
413,0x00c20000000000000000000000000000,3,3,3,3
414,0x85000000000000000000000000000000,3,3,3,3
415,0x58000000000000000000000000000000,3,3,3,3
416,0x00000000000000000000000000000094,2,2,2,2
417,0x00000000000000000000000000000049,3,3,3,3
418,0x00000000000000000000000000008300,3,3,3,3
419,0x00000000000000000000000000003800,3,3,3,3
420,0x00000000000000000000000000340000,3,3,3,3
421,0x00000000000000000000000000430000,3,3,3,3
422,0x000000000000000000000000a4000000,3,3,3,3
423,0x0000000000000000000000004a000000,3,3,3,3
424,0x00000000000000000000009400000000,3,3,3,3
425,0x00000000000000000000004900000000,3,3,3,3
426,0x00000000000000000000830000000000,3,3,3,3
427,0x00000000000000000000380000000000,3,3,3,3
428,0x00000000000000000034000000000000,3,3,3,3
429,0x00000000000000000043000000000000,3,3,3,3
430,0x0000000000000000a400000000000000,3,3,3,3
431,0x00000000000000004a00000000000000,3,3,3,3
432,0x00000000000000940000000000000000,3,3,3,3
433,0x00000000000000490000000000000000,3,3,3,3
434,0x00000000000083000000000000000000,3,3,3,3
435,0x00000000000038000000000000000000,3,3,3,3
436,0x00000000003400000000000000000000,3,3,3,3
437,0x00000000004300000000000000000000,3,3,3,3
438,0x00000000a40000000000000000000000,3,3,3,3
439,0x000000004a0000000000000000000000,3,3,3,3
440,0x00000094000000000000000000000000,3,3,3,3
441,0x00000049000000000000000000000000,3,3,3,3
442,0x00008300000000000000000000000000,3,3,3,3
443,0x00003800000000000000000000000000,3,3,3,3
444,0x00340000000000000000000000000000,3,3,3,3
445,0x00430000000000000000000000000000,3,3,3,3
446,0xa4000000000000000000000000000000,3,3,3,3
447,0x4a000000000000000000000000000000,3,3,3,3
448,0x00000000000000000000000000000096,2,2,2,2
449,0x00000000000000000000000000000069,3,3,3,3
450,0x00000000000000000000000000008700,3,3,3,3
451,0x00000000000000000000000000007800,3,3,3,3
452,0x000000000000000000000000003c0000,3,3,3,3
453,0x00000000000000000000000000c30000,3,3,3,3
454,0x000000000000000000000000a5000000,3,3,3,3
455,0x0000000000000000000000005a000000,3,3,3,3
456,0x00000000000000000000009600000000,3,3,3,3
457,0x00000000000000000000006900000000,3,3,3,3
458,0x00000000000000000000870000000000,3,3,3,3
459,0x00000000000000000000780000000000,3,3,3,3
460,0x0000000000000000003c000000000000,3,3,3,3
461,0x000000000000000000c3000000000000,3,3,3,3
462,0x0000000000000000a500000000000000,3,3,3,3
463,0x00000000000000005a00000000000000,3,3,3,3
464,0x00000000000000960000000000000000,3,3,3,3
465,0x00000000000000690000000000000000,3,3,3,3
466,0x00000000000087000000000000000000,3,3,3,3
467,0x00000000000078000000000000000000,3,3,3,3
468,0x00000000003c00000000000000000000,3,3,3,3
469,0x0000000000c300000000000000000000,3,3,3,3
470,0x00000000a50000000000000000000000,3,3,3,3
471,0x000000005a0000000000000000000000,3,3,3,3
472,0x00000096000000000000000000000000,3,3,3,3
473,0x00000069000000000000000000000000,3,3,3,3
474,0x00008700000000000000000000000000,3,3,3,3
475,0x00007800000000000000000000000000,3,3,3,3
476,0x003c0000000000000000000000000000,3,3,3,3
477,0x00c30000000000000000000000000000,3,3,3,3
478,0xa5000000000000000000000000000000,3,3,3,3
479,0x5a000000000000000000000000000000,3,3,3,3
