,input_diff,round0,round1,round2,round3
0,0x00000000000000000000000000000002,10,9,9,9
1,0x00000000000000000000000000000020,10,9,9,10
2,0x00000000000000000000000000000400,10,10,9,9
3,0x00000000000000000000000000004000,10,10,10,9
4,0x00000000000000000000000000080000,10,10,10,10
5,0x00000000000000000000000000800000,10,10,10,10
6,0x00000000000000000000000001000000,9,9,10,10
7,0x00000000000000000000000010000000,8,9,10,10
8,0x00000000000000000000000200000000,10,10,10,9
9,0x00000000000000000000002000000000,10,10,10,9
10,0x00000000000000000000040000000000,10,10,10,9
11,0x00000000000000000000400000000000,10,10,10,10
12,0x00000000000000000008000000000000,9,9,9,10
13,0x00000000000000000080000000000000,9,10,9,10
14,0x00000000000000000100000000000000,10,10,9,10
15,0x00000000000000001000000000000000,10,10,9,10
16,0x00000000000000020000000000000000,10,10,10,10
17,0x00000000000000200000000000000000,10,10,10,10
18,0x00000000000004000000000000000000,8,10,9,10
19,0x00000000000040000000000000000000,9,10,9,10
20,0x00000000000800000000000000000000,10,10,10,10
21,0x00000000008000000000000000000000,10,10,10,10
22,0x00000000010000000000000000000000,10,9,9,9
23,0x00000000100000000000000000000000,10,9,9,8
24,0x00000002000000000000000000000000,9,9,10,10
25,0x00000020000000000000000000000000,9,10,10,10
26,0x00000400000000000000000000000000,10,9,10,10
27,0x00004000000000000000000000000000,10,9,10,10
28,0x00080000000000000000000000000000,9,9,9,9
29,0x00800000000000000000000000000000,10,9,9,9
30,0x01000000000000000000000000000000,10,10,10,10
31,0x10000000000000000000000000000000,10,10,10,10
32,0x00000000000000000000000000000004,9,10,10,8
33,0x00000000000000000000000000000040,9,10,10,9
34,0x00000000000000000000000000008000,10,9,8,10
35,0x00000000000000000000000000000800,10,9,9,10
36,0x00000000000000000000000000100000,9,9,10,9
37,0x00000000000000000000000000010000,9,9,10,9
38,0x00000000000000000000000020000000,9,10,9,10
39,0x00000000000000000000000002000000,9,10,9,10
40,0x00000000000000000000000400000000,10,9,9,10
41,0x00000000000000000000004000000000,10,9,9,10
42,0x00000000000000000000800000000000,9,10,10,8
43,0x00000000000000000000080000000000,9,10,10,9
44,0x00000000000000000010000000000000,10,10,9,10
45,0x00000000000000000001000000000000,10,9,8,10
46,0x00000000000000002000000000000000,9,9,10,9
47,0x00000000000000000200000000000000,9,9,10,9
48,0x00000000000000040000000000000000,9,10,9,9
49,0x00000000000000400000000000000000,9,10,9,9
50,0x00000000000080000000000000000000,9,9,10,10
51,0x00000000000008000000000000000000,9,9,10,10
52,0x00000000001000000000000000000000,9,9,9,9
53,0x00000000000100000000000000000000,9,9,9,9
54,0x00000000200000000000000000000000,10,9,9,9
55,0x00000000020000000000000000000000,10,9,9,9
56,0x00000004000000000000000000000000,10,8,10,10
57,0x00000040000000000000000000000000,10,9,10,10
58,0x00008000000000000000000000000000,9,10,9,9
59,0x00000800000000000000000000000000,9,10,9,9
60,0x00100000000000000000000000000000,10,10,10,10
61,0x00010000000000000000000000000000,9,10,10,10
62,0x20000000000000000000000000000000,9,9,9,9
63,0x02000000000000000000000000000000,9,9,9,9
64,0x00000000000000000000000000000006,11,9,9,9
65,0x00000000000000000000000000000060,11,9,9,10
66,0x00000000000000000000000000008400,10,9,10,11
67,0x00000000000000000000000000004800,10,9,10,11
68,0x00000000000000000000000000180000,10,11,10,11
69,0x00000000000000000000000000810000,10,11,10,11
70,0x00000000000000000000000021000000,10,11,10,10
71,0x00000000000000000000000012000000,10,11,10,10
72,0x00000000000000000000000600000000,10,10,11,9
73,0x00000000000000000000006000000000,10,10,11,9
74,0x00000000000000000000840000000000,9,10,10,10
75,0x00000000000000000000480000000000,9,10,10,10
76,0x00000000000000000018000000000000,11,9,10,10
77,0x00000000000000000081000000000000,11,10,9,10
78,0x00000000000000002100000000000000,10,10,11,10
79,0x00000000000000001200000000000000,10,10,11,10
80,0x00000000000000060000000000000000,10,10,10,11
81,0x00000000000000600000000000000000,10,10,10,11
82,0x00000000000084000000000000000000,10,11,11,10
83,0x00000000000048000000000000000000,10,11,11,10
84,0x00000000001800000000000000000000,11,10,11,10
85,0x00000000008100000000000000000000,11,10,11,10
86,0x00000000210000000000000000000000,10,9,9,10
87,0x00000000120000000000000000000000,10,10,10,10
88,0x00000006000000000000000000000000,9,10,10,10
89,0x00000060000000000000000000000000,9,11,10,10
90,0x00008400000000000000000000000000,11,11,9,9
91,0x00004800000000000000000000000000,11,11,9,9
92,0x00180000000000000000000000000000,9,11,11,11
93,0x00810000000000000000000000000000,10,11,11,11
94,0x21000000000000000000000000000000,10,10,10,10
95,0x12000000000000000000000000000000,10,10,10,10
96,0x00000000000000000000000000000080,10,9,9,9
97,0x00000000000000000000000000000008,10,9,9,10
98,0x00000000000000000000000000000100,10,10,9,9
99,0x00000000000000000000000000001000,10,10,10,9
100,0x00000000000000000000000000200000,10,10,10,10
101,0x00000000000000000000000000020000,10,10,10,10
102,0x00000000000000000000000004000000,9,9,10,10
103,0x00000000000000000000000040000000,8,9,10,10
104,0x00000000000000000000008000000000,10,10,10,9
105,0x00000000000000000000000800000000,10,10,10,9
106,0x00000000000000000000010000000000,10,10,10,9
107,0x00000000000000000000100000000000,10,10,10,10
108,0x00000000000000000020000000000000,9,9,9,10
109,0x00000000000000000002000000000000,9,10,9,10
110,0x00000000000000000400000000000000,10,10,9,10
111,0x00000000000000004000000000000000,10,10,9,10
112,0x00000000000000800000000000000000,10,10,10,10
113,0x00000000000000080000000000000000,10,10,10,10
114,0x00000000000001000000000000000000,8,10,9,10
115,0x00000000000010000000000000000000,9,10,9,10
116,0x00000000002000000000000000000000,10,10,10,10
117,0x00000000000200000000000000000000,10,10,10,10
118,0x00000000040000000000000000000000,10,9,9,9
119,0x00000000400000000000000000000000,10,9,9,8
120,0x00000080000000000000000000000000,9,9,10,10
121,0x00000008000000000000000000000000,9,10,10,10
122,0x00000100000000000000000000000000,10,9,10,10
123,0x00001000000000000000000000000000,10,9,10,10
124,0x00200000000000000000000000000000,9,9,9,9
125,0x00020000000000000000000000000000,10,9,9,9
126,0x04000000000000000000000000000000,10,10,10,10
127,0x40000000000000000000000000000000,10,10,10,10
128,0x00000000000000000000000000000082,10,11,11,9
129,0x00000000000000000000000000000028,10,11,11,10
130,0x00000000000000000000000000000500,11,10,9,9
131,0x00000000000000000000000000005000,11,10,10,9
132,0x00000000000000000000000000280000,10,10,11,10
133,0x00000000000000000000000000820000,10,10,11,10
134,0x00000000000000000000000005000000,10,11,10,11
135,0x00000000000000000000000050000000,10,11,10,11
136,0x00000000000000000000008200000000,11,10,10,11
137,0x00000000000000000000002800000000,11,10,10,11
138,0x00000000000000000000050000000000,10,11,11,9
139,0x00000000000000000000500000000000,10,11,11,10
140,0x00000000000000000028000000000000,11,11,10,11
141,0x00000000000000000082000000000000,11,10,9,11
142,0x00000000000000000500000000000000,10,10,11,10
143,0x00000000000000005000000000000000,10,10,11,10
144,0x00000000000000820000000000000000,10,11,10,10
145,0x00000000000000280000000000000000,10,11,10,10
146,0x00000000000005000000000000000000,8,10,9,11
147,0x00000000000050000000000000000000,9,10,9,11
148,0x00000000002800000000000000000000,10,10,10,10
149,0x00000000008200000000000000000000,10,10,10,10
150,0x00000000050000000000000000000000,11,10,10,10
151,0x00000000500000000000000000000000,11,10,10,10
152,0x00000082000000000000000000000000,11,9,11,11
153,0x00000028000000000000000000000000,11,10,11,11
154,0x00000500000000000000000000000000,10,9,10,10
155,0x00005000000000000000000000000000,10,9,10,10
156,0x00280000000000000000000000000000,11,11,11,11
157,0x00820000000000000000000000000000,10,11,11,11
158,0x05000000000000000000000000000000,10,10,10,10
159,0x50000000000000000000000000000000,10,10,10,10
160,0x00000000000000000000000000000084,10,11,11,10
161,0x00000000000000000000000000000048,10,11,11,11
162,0x00000000000000000000000000008100,10,11,8,11
163,0x00000000000000000000000000001800,10,11,9,11
164,0x00000000000000000000000000300000,11,10,10,10
165,0x00000000000000000000000000030000,11,10,10,10
166,0x00000000000000000000000024000000,10,11,10,10
167,0x00000000000000000000000042000000,10,11,10,10
168,0x00000000000000000000008400000000,10,11,10,11
169,0x00000000000000000000004800000000,10,11,10,11
170,0x00000000000000000000810000000000,11,10,10,8
171,0x00000000000000000000180000000000,11,10,10,9
172,0x00000000000000000030000000000000,9,9,10,10
173,0x00000000000000000003000000000000,9,10,10,10
174,0x00000000000000002400000000000000,10,10,11,10
175,0x00000000000000004200000000000000,10,10,11,10
176,0x00000000000000840000000000000000,11,10,11,10
177,0x00000000000000480000000000000000,11,10,11,10
178,0x00000000000081000000000000000000,10,9,11,10
179,0x00000000000018000000000000000000,11,9,11,10
180,0x00000000003000000000000000000000,10,11,10,11
181,0x00000000000300000000000000000000,10,11,10,11
182,0x00000000240000000000000000000000,10,9,9,10
183,0x00000000420000000000000000000000,10,10,10,10
184,0x00000084000000000000000000000000,11,9,10,10
185,0x00000048000000000000000000000000,11,10,10,10
186,0x00008100000000000000000000000000,9,11,11,11
187,0x00001800000000000000000000000000,9,11,11,11
188,0x00300000000000000000000000000000,9,9,9,9
189,0x00030000000000000000000000000000,10,9,9,9
190,0x24000000000000000000000000000000,10,10,10,10
191,0x42000000000000000000000000000000,10,10,10,10
192,0x00000000000000000000000000000086,12,10,10,8
193,0x00000000000000000000000000000068,12,10,10,9
194,0x00000000000000000000000000008500,13,10,9,13
195,0x00000000000000000000000000005800,13,10,10,13
196,0x00000000000000000000000000380000,12,9,12,9
197,0x00000000000000000000000000830000,12,9,12,9
198,0x00000000000000000000000025000000,11,12,12,15
199,0x00000000000000000000000052000000,11,12,12,15
200,0x00000000000000000000008600000000,12,9,12,10
201,0x00000000000000000000006800000000,12,9,12,10
202,0x00000000000000000000850000000000,10,13,13,9
203,0x00000000000000000000580000000000,10,13,13,10
204,0x00000000000000000038000000000000,10,12,12,12
205,0x00000000000000000083000000000000,10,11,11,12
206,0x00000000000000002500000000000000,12,12,12,12
207,0x00000000000000005200000000000000,12,12,12,12
208,0x00000000000000860000000000000000,9,12,9,12
209,0x00000000000000680000000000000000,9,12,9,12
210,0x00000000000085000000000000000000,12,10,13,13
211,0x00000000000058000000000000000000,12,10,13,13
212,0x00000000003800000000000000000000,9,12,9,12
213,0x00000000008300000000000000000000,9,12,9,12
214,0x00000000250000000000000000000000,15,14,14,11
215,0x00000000520000000000000000000000,15,14,14,11
216,0x00000086000000000000000000000000,10,11,12,12
217,0x00000068000000000000000000000000,10,12,12,12
218,0x00008500000000000000000000000000,10,13,10,10
219,0x00005800000000000000000000000000,10,13,10,10
220,0x00380000000000000000000000000000,12,10,10,10
221,0x00830000000000000000000000000000,11,10,10,10
222,0x25000000000000000000000000000000,12,12,12,12
223,0x52000000000000000000000000000000,12,12,12,12
224,0x00000000000000000000000000000010,10,10,10,9
225,0x00000000000000000000000000000001,10,10,10,10
226,0x00000000000000000000000000000200,11,10,9,11
227,0x00000000000000000000000000002000,11,10,10,11
228,0x00000000000000000000000000040000,10,10,11,10
229,0x00000000000000000000000000400000,10,10,11,10
230,0x00000000000000000000000080000000,10,11,10,11
231,0x00000000000000000000000008000000,10,11,10,11
232,0x00000000000000000000001000000000,11,10,10,10
233,0x00000000000000000000000100000000,11,10,10,10
234,0x00000000000000000000020000000000,10,11,11,9
235,0x00000000000000000000200000000000,10,11,11,10
236,0x00000000000000000004000000000000,10,11,10,11
237,0x00000000000000000040000000000000,10,10,9,11
238,0x00000000000000008000000000000000,10,10,11,10
239,0x00000000000000000800000000000000,10,10,11,10
240,0x00000000000000100000000000000000,10,11,10,10
241,0x00000000000000010000000000000000,10,11,10,10
242,0x00000000000002000000000000000000,10,10,11,11
243,0x00000000000020000000000000000000,10,10,11,11
244,0x00000000000400000000000000000000,10,10,10,10
245,0x00000000004000000000000000000000,10,10,10,10
246,0x00000000800000000000000000000000,11,10,10,10
247,0x00000000080000000000000000000000,11,10,10,10
248,0x00000010000000000000000000000000,10,9,11,11
249,0x00000001000000000000000000000000,10,10,11,11
250,0x00000200000000000000000000000000,10,11,10,10
251,0x00002000000000000000000000000000,10,11,10,10
252,0x00040000000000000000000000000000,11,10,10,10
253,0x00400000000000000000000000000000,10,10,10,10
254,0x80000000000000000000000000000000,10,10,10,10
255,0x08000000000000000000000000000000,10,10,10,10
256,0x00000000000000000000000000000012,10,9,9,9
257,0x00000000000000000000000000000021,10,9,9,10
258,0x00000000000000000000000000000600,10,10,9,9
259,0x00000000000000000000000000006000,10,10,10,9
260,0x000000000000000000000000000c0000,10,10,10,10
261,0x00000000000000000000000000c00000,10,10,10,10
262,0x00000000000000000000000081000000,9,9,10,10
263,0x00000000000000000000000018000000,8,9,10,10
264,0x00000000000000000000001200000000,10,10,10,9
265,0x00000000000000000000002100000000,10,10,10,9
266,0x00000000000000000000060000000000,10,10,10,9
267,0x00000000000000000000600000000000,10,10,10,10
268,0x0000000000000000000c000000000000,9,9,9,10
269,0x000000000000000000c0000000000000,9,10,10,10
270,0x00000000000000008100000000000000,10,10,9,10
271,0x00000000000000001800000000000000,10,10,9,10
272,0x00000000000000120000000000000000,10,10,10,10
273,0x00000000000000210000000000000000,10,10,10,10
274,0x00000000000006000000000000000000,8,10,9,10
275,0x00000000000060000000000000000000,9,10,9,10
276,0x00000000000c00000000000000000000,10,10,10,10
277,0x0000000000c000000000000000000000,10,10,10,10
278,0x00000000810000000000000000000000,10,9,9,9
279,0x00000000180000000000000000000000,10,9,9,8
280,0x00000012000000000000000000000000,9,9,10,10
281,0x00000021000000000000000000000000,9,10,10,10
282,0x00000600000000000000000000000000,10,9,10,10
283,0x00006000000000000000000000000000,10,9,10,10
284,0x000c0000000000000000000000000000,9,9,9,9
285,0x00c00000000000000000000000000000,10,9,9,9
286,0x81000000000000000000000000000000,10,10,10,10
287,0x18000000000000000000000000000000,10,10,10,10
288,0x00000000000000000000000000000014,11,12,12,8
289,0x00000000000000000000000000000041,11,12,12,9
290,0x00000000000000000000000000008200,12,12,11,9
291,0x00000000000000000000000000002800,12,12,11,9
292,0x00000000000000000000000000140000,11,9,12,9
293,0x00000000000000000000000000410000,11,9,12,9
294,0x000000000000000000000000a0000000,12,13,12,15
295,0x0000000000000000000000000a000000,12,13,12,15
296,0x00000000000000000000001400000000,12,9,11,12
297,0x00000000000000000000004100000000,12,9,11,12
298,0x00000000000000000000820000000000,12,12,12,11
299,0x00000000000000000000280000000000,12,12,12,11
300,0x00000000000000000014000000000000,12,12,10,12
301,0x00000000000000000041000000000000,12,11,11,12
302,0x0000000000000000a000000000000000,12,12,13,12
303,0x00000000000000000a00000000000000,12,12,13,12
304,0x00000000000000140000000000000000,9,12,9,11
305,0x00000000000000410000000000000000,9,12,9,11
306,0x00000000000082000000000000000000,8,12,9,12
307,0x00000000000028000000000000000000,9,12,9,12
308,0x00000000001400000000000000000000,9,11,9,11
309,0x00000000004100000000000000000000,9,11,9,11
310,0x00000000a00000000000000000000000,15,14,14,12
311,0x000000000a0000000000000000000000,15,14,14,12
312,0x00000014000000000000000000000000,12,10,12,12
313,0x00000041000000000000000000000000,12,11,12,12
314,0x00008200000000000000000000000000,12,9,12,12
315,0x00002800000000000000000000000000,12,9,12,12
316,0x00140000000000000000000000000000,12,12,12,12
317,0x00410000000000000000000000000000,11,12,12,12
318,0xa0000000000000000000000000000000,12,12,12,12
319,0x0a000000000000000000000000000000,12,12,12,12
320,0x00000000000000000000000000000016,11,11,11,9
321,0x00000000000000000000000000000061,11,11,11,10
322,0x00000000000000000000000000008600,10,10,10,11
323,0x00000000000000000000000000006800,10,10,10,11
324,0x000000000000000000000000001c0000,10,11,10,11
325,0x00000000000000000000000000c10000,10,11,10,11
326,0x000000000000000000000000a1000000,10,11,10,10
327,0x0000000000000000000000001a000000,11,11,10,10
328,0x00000000000000000000001600000000,10,10,11,11
329,0x00000000000000000000006100000000,10,10,11,11
330,0x00000000000000000000860000000000,10,10,10,10
331,0x00000000000000000000680000000000,10,10,10,10
332,0x0000000000000000001c000000000000,11,9,10,10
333,0x000000000000000000c1000000000000,11,10,9,10
334,0x0000000000000000a100000000000000,10,10,11,10
335,0x00000000000000001a00000000000000,10,10,11,10
336,0x00000000000000160000000000000000,10,10,10,11
337,0x00000000000000610000000000000000,10,10,10,11
338,0x00000000000086000000000000000000,10,11,11,10
339,0x00000000000068000000000000000000,10,11,11,10
340,0x00000000001c00000000000000000000,11,10,11,10
341,0x0000000000c100000000000000000000,11,10,11,10
342,0x00000000a10000000000000000000000,10,9,9,10
343,0x000000001a0000000000000000000000,10,10,10,11
344,0x00000016000000000000000000000000,11,10,10,10
345,0x00000061000000000000000000000000,11,11,10,10
346,0x00008600000000000000000000000000,11,11,10,10
347,0x00006800000000000000000000000000,11,11,10,10
348,0x001c0000000000000000000000000000,9,11,11,11
349,0x00c10000000000000000000000000000,10,11,11,11
350,0xa1000000000000000000000000000000,10,10,10,10
351,0x1a000000000000000000000000000000,10,10,10,10
352,0x00000000000000000000000000000090,10,9,9,9
353,0x00000000000000000000000000000009,10,9,9,10
354,0x00000000000000000000000000000300,10,10,9,9
355,0x00000000000000000000000000003000,10,10,10,9
356,0x00000000000000000000000000240000,10,10,10,10
357,0x00000000000000000000000000420000,10,10,10,10
358,0x00000000000000000000000084000000,9,9,10,10
359,0x00000000000000000000000048000000,8,9,10,10
360,0x00000000000000000000009000000000,10,10,10,9
361,0x00000000000000000000000900000000,10,10,10,9
362,0x00000000000000000000030000000000,10,10,10,9
363,0x00000000000000000000300000000000,10,10,10,10
364,0x00000000000000000024000000000000,9,9,9,10
365,0x00000000000000000042000000000000,9,10,10,10
366,0x00000000000000008400000000000000,10,10,9,10
367,0x00000000000000004800000000000000,10,10,9,10
368,0x00000000000000900000000000000000,10,10,10,10
369,0x00000000000000090000000000000000,10,10,10,10
370,0x00000000000003000000000000000000,8,10,9,10
371,0x00000000000030000000000000000000,9,10,9,10
372,0x00000000002400000000000000000000,10,10,10,10
373,0x00000000004200000000000000000000,10,10,10,10
374,0x00000000840000000000000000000000,10,9,9,9
375,0x00000000480000000000000000000000,10,9,9,8
376,0x00000090000000000000000000000000,9,9,10,10
377,0x00000009000000000000000000000000,9,10,10,10
378,0x00000300000000000000000000000000,10,9,10,10
379,0x00003000000000000000000000000000,10,9,10,10
380,0x00240000000000000000000000000000,9,9,9,9
381,0x00420000000000000000000000000000,10,9,9,9
382,0x84000000000000000000000000000000,10,10,10,10
383,0x48000000000000000000000000000000,10,10,10,10
384,0x00000000000000000000000000000092,11,10,10,10
385,0x00000000000000000000000000000029,11,10,10,11
386,0x00000000000000000000000000000700,12,10,9,9
387,0x00000000000000000000000000007000,12,10,10,9
388,0x000000000000000000000000002c0000,11,11,13,11
389,0x00000000000000000000000000c20000,11,11,13,11
390,0x00000000000000000000000085000000,11,12,13,15
391,0x00000000000000000000000058000000,11,12,13,15
392,0x00000000000000000000009200000000,13,11,11,10
393,0x00000000000000000000002900000000,13,11,11,10
394,0x00000000000000000000070000000000,10,12,12,9
395,0x00000000000000000000700000000000,10,12,12,10
396,0x0000000000000000002c000000000000,10,12,10,13
397,0x000000000000000000c2000000000000,10,12,11,13
398,0x00000000000000008500000000000000,13,13,12,13
399,0x00000000000000005800000000000000,13,13,12,13
400,0x00000000000000920000000000000000,11,13,11,11
401,0x00000000000000290000000000000000,11,13,11,11
402,0x00000000000007000000000000000000,8,10,9,12
403,0x00000000000070000000000000000000,9,10,9,12
404,0x00000000002c00000000000000000000,11,11,11,11
405,0x0000000000c200000000000000000000,11,11,11,11
406,0x00000000850000000000000000000000,15,14,14,11
407,0x00000000580000000000000000000000,15,14,14,11
408,0x00000092000000000000000000000000,10,10,13,13
409,0x00000029000000000000000000000000,10,11,13,13
410,0x00000700000000000000000000000000,10,9,10,10
411,0x00007000000000000000000000000000,10,9,10,10
412,0x002c0000000000000000000000000000,12,10,10,10
413,0x00c20000000000000000000000000000,12,10,10,10
414,0x85000000000000000000000000000000,13,13,13,13
415,0x58000000000000000000000000000000,13,13,13,13
416,0x00000000000000000000000000000094,10,11,11,10
417,0x00000000000000000000000000000049,10,11,11,11
418,0x00000000000000000000000000008300,10,11,9,11
419,0x00000000000000000000000000003800,10,11,10,11
420,0x00000000000000000000000000340000,11,10,10,10
421,0x00000000000000000000000000430000,11,10,10,10
422,0x000000000000000000000000a4000000,10,11,10,10
423,0x0000000000000000000000004a000000,10,11,10,10
424,0x00000000000000000000009400000000,10,11,10,11
425,0x00000000000000000000004900000000,10,11,10,11
426,0x00000000000000000000830000000000,11,10,10,9
427,0x00000000000000000000380000000000,11,10,10,10
428,0x00000000000000000034000000000000,11,9,10,10
429,0x00000000000000000043000000000000,11,10,10,10
430,0x0000000000000000a400000000000000,10,10,11,10
431,0x00000000000000004a00000000000000,10,10,11,10
432,0x00000000000000940000000000000000,11,10,11,10
433,0x00000000000000490000000000000000,11,10,11,10
434,0x00000000000083000000000000000000,10,10,11,10
435,0x00000000000038000000000000000000,11,10,11,10
436,0x00000000003400000000000000000000,10,11,10,11
437,0x00000000004300000000000000000000,10,11,10,11
438,0x00000000a40000000000000000000000,10,9,9,10
439,0x000000004a0000000000000000000000,10,10,10,10
440,0x00000094000000000000000000000000,11,9,10,10
441,0x00000049000000000000000000000000,11,10,10,10
442,0x00008300000000000000000000000000,10,11,11,11
443,0x00003800000000000000000000000000,10,11,11,11
444,0x00340000000000000000000000000000,9,11,11,11
445,0x00430000000000000000000000000000,10,11,11,11
446,0xa4000000000000000000000000000000,10,10,10,10
447,0x4a000000000000000000000000000000,10,10,10,10
448,0x00000000000000000000000000000096,11,10,10,10
449,0x00000000000000000000000000000069,11,10,10,11
450,0x00000000000000000000000000008700,12,10,9,9
451,0x00000000000000000000000000007800,12,10,10,9
452,0x000000000000000000000000003c0000,11,11,13,11
453,0x00000000000000000000000000c30000,11,11,13,11
454,0x000000000000000000000000a5000000,11,12,13,15
455,0x0000000000000000000000005a000000,11,12,13,15
456,0x00000000000000000000009600000000,13,11,11,10
457,0x00000000000000000000006900000000,13,11,11,10
458,0x00000000000000000000870000000000,10,12,12,9
459,0x00000000000000000000780000000000,10,12,12,10
460,0x0000000000000000003c000000000000,10,12,10,13
461,0x000000000000000000c3000000000000,10,12,11,13
462,0x0000000000000000a500000000000000,13,13,12,13
463,0x00000000000000005a00000000000000,13,13,12,13
464,0x00000000000000960000000000000000,11,13,11,11
465,0x00000000000000690000000000000000,11,13,11,11
466,0x00000000000087000000000000000000,8,10,9,12
467,0x00000000000078000000000000000000,9,10,9,12
468,0x00000000003c00000000000000000000,11,11,11,11
469,0x0000000000c300000000000000000000,11,11,11,11
470,0x00000000a50000000000000000000000,15,14,14,11
471,0x000000005a0000000000000000000000,15,14,14,11
472,0x00000096000000000000000000000000,10,10,13,13
473,0x00000069000000000000000000000000,10,11,13,13
474,0x00008700000000000000000000000000,10,9,10,10
475,0x00007800000000000000000000000000,10,9,10,10
476,0x003c0000000000000000000000000000,12,10,10,10
477,0x00c30000000000000000000000000000,12,10,10,10
478,0xa5000000000000000000000000000000,13,13,13,13
479,0x5a000000000000000000000000000000,13,13,13,13
