,input_diff,round0,round1,round2,round3
0,0x00000000000000000000000000000002,47,46,47,47
1,0x00000000000000000000000000000020,47,45,47,46
2,0x00000000000000000000000000000400,47,47,47,44
3,0x00000000000000000000000000004000,47,47,48,45
4,0x00000000000000000000000000080000,46,47,48,44
5,0x00000000000000000000000000800000,46,47,48,45
6,0x00000000000000000000000001000000,46,46,47,47
7,0x00000000000000000000000010000000,47,46,47,47
8,0x00000000000000000000000200000000,46,46,46,46
9,0x00000000000000000000002000000000,46,45,47,46
10,0x00000000000000000000040000000000,46,49,46,46
11,0x00000000000000000000400000000000,46,48,47,46
12,0x00000000000000000008000000000000,47,46,47,45
13,0x00000000000000000080000000000000,47,47,46,46
14,0x00000000000000000100000000000000,48,46,48,46
15,0x00000000000000001000000000000000,47,47,48,46
16,0x00000000000000020000000000000000,46,47,46,48
17,0x00000000000000200000000000000000,46,47,46,48
18,0x00000000000004000000000000000000,46,47,45,46
19,0x00000000000040000000000000000000,47,46,46,45
20,0x00000000000800000000000000000000,46,46,49,46
21,0x00000000008000000000000000000000,46,46,49,46
22,0x00000000010000000000000000000000,47,47,47,46
23,0x00000000100000000000000000000000,48,47,47,46
24,0x00000002000000000000000000000000,45,46,48,48
25,0x00000020000000000000000000000000,46,46,48,48
26,0x00000400000000000000000000000000,50,47,46,46
27,0x00004000000000000000000000000000,50,47,45,46
28,0x00080000000000000000000000000000,46,48,45,47
29,0x00800000000000000000000000000000,46,48,45,47
30,0x01000000000000000000000000000000,46,46,45,47
31,0x10000000000000000000000000000000,46,46,45,46
32,0x00000000000000000000000000000004,46,45,47,46
33,0x00000000000000000000000000000040,46,45,47,45
34,0x00000000000000000000000000008000,47,46,46,45
35,0x00000000000000000000000000000800,47,46,47,46
36,0x00000000000000000000000000100000,45,49,47,43
37,0x00000000000000000000000000010000,45,49,47,44
38,0x00000000000000000000000020000000,45,48,47,49
39,0x00000000000000000000000002000000,46,48,47,48
40,0x00000000000000000000000400000000,50,46,46,48
41,0x00000000000000000000004000000000,50,45,47,48
42,0x00000000000000000000800000000000,45,48,45,45
43,0x00000000000000000000080000000000,45,49,46,45
44,0x00000000000000000010000000000000,47,47,46,45
45,0x00000000000000000001000000000000,47,46,45,46
46,0x00000000000000002000000000000000,47,47,49,46
47,0x00000000000000000200000000000000,46,46,50,46
48,0x00000000000000040000000000000000,51,46,45,49
49,0x00000000000000400000000000000000,51,46,45,49
50,0x00000000000080000000000000000000,47,46,48,45
51,0x00000000000008000000000000000000,46,45,47,44
52,0x00000000001000000000000000000000,49,46,49,46
53,0x00000000000100000000000000000000,49,46,49,46
54,0x00000000200000000000000000000000,46,48,46,45
55,0x00000000020000000000000000000000,47,48,46,45
56,0x00000004000000000000000000000000,47,45,47,47
57,0x00000040000000000000000000000000,47,45,47,47
58,0x00008000000000000000000000000000,49,47,46,46
59,0x00000800000000000000000000000000,49,47,47,46
60,0x00100000000000000000000000000000,46,48,47,46
61,0x00010000000000000000000000000000,46,48,47,46
62,0x20000000000000000000000000000000,45,46,46,47
63,0x02000000000000000000000000000000,45,45,46,46
64,0x00000000000000000000000000000006,47,46,48,47
65,0x00000000000000000000000000000060,47,46,48,46
66,0x00000000000000000000000000008400,48,47,47,46
67,0x00000000000000000000000000004800,48,47,48,47
68,0x00000000000000000000000000180000,47,49,48,45
69,0x00000000000000000000000000810000,46,49,48,46
70,0x00000000000000000000000021000000,48,49,49,47
71,0x00000000000000000000000012000000,47,49,50,48
72,0x00000000000000000000000600000000,46,47,47,47
73,0x00000000000000000000006000000000,46,46,48,47
74,0x00000000000000000000840000000000,46,49,46,47
75,0x00000000000000000000480000000000,46,48,47,47
76,0x00000000000000000018000000000000,49,46,47,45
77,0x00000000000000000081000000000000,49,47,46,46
78,0x00000000000000002100000000000000,49,48,49,47
79,0x00000000000000001200000000000000,48,47,48,47
80,0x00000000000000060000000000000000,47,47,46,50
81,0x00000000000000600000000000000000,47,47,46,50
82,0x00000000000084000000000000000000,48,47,47,48
83,0x00000000000048000000000000000000,49,46,48,47
84,0x00000000001800000000000000000000,47,47,49,47
85,0x00000000008100000000000000000000,47,47,49,47
86,0x00000000210000000000000000000000,47,47,48,46
87,0x00000000120000000000000000000000,48,47,48,46
88,0x00000006000000000000000000000000,47,51,48,48
89,0x00000060000000000000000000000000,48,51,48,48
90,0x00008400000000000000000000000000,50,49,47,47
91,0x00004800000000000000000000000000,50,49,48,47
92,0x00180000000000000000000000000000,47,48,48,47
93,0x00810000000000000000000000000000,47,48,48,47
94,0x21000000000000000000000000000000,46,46,47,48
95,0x12000000000000000000000000000000,46,46,47,47
96,0x00000000000000000000000000000080,47,46,47,47
97,0x00000000000000000000000000000008,47,45,47,46
98,0x00000000000000000000000000000100,47,47,47,44
99,0x00000000000000000000000000001000,47,47,48,45
100,0x00000000000000000000000000200000,46,47,48,44
101,0x00000000000000000000000000020000,46,47,48,45
102,0x00000000000000000000000004000000,46,46,47,47
103,0x00000000000000000000000040000000,47,46,47,47
104,0x00000000000000000000008000000000,46,46,46,46
105,0x00000000000000000000000800000000,46,45,47,46
106,0x00000000000000000000010000000000,46,49,46,46
107,0x00000000000000000000100000000000,46,48,47,46
108,0x00000000000000000020000000000000,47,46,47,45
109,0x00000000000000000002000000000000,47,47,46,46
110,0x00000000000000000400000000000000,48,46,48,46
111,0x00000000000000004000000000000000,47,47,48,46
112,0x00000000000000800000000000000000,46,47,46,48
113,0x00000000000000080000000000000000,46,47,46,48
114,0x00000000000001000000000000000000,46,47,45,46
115,0x00000000000010000000000000000000,47,46,46,45
116,0x00000000002000000000000000000000,46,46,49,46
117,0x00000000000200000000000000000000,46,46,49,46
118,0x00000000040000000000000000000000,47,47,47,46
119,0x00000000400000000000000000000000,48,47,47,46
120,0x00000080000000000000000000000000,45,46,48,48
121,0x00000008000000000000000000000000,46,46,48,48
122,0x00000100000000000000000000000000,50,47,46,46
123,0x00001000000000000000000000000000,50,47,45,46
124,0x00200000000000000000000000000000,46,48,45,47
125,0x00020000000000000000000000000000,46,48,45,47
126,0x04000000000000000000000000000000,46,46,45,47
127,0x40000000000000000000000000000000,46,46,45,46
128,0x00000000000000000000000000000082,47,46,48,47
129,0x00000000000000000000000000000028,47,46,48,46
130,0x00000000000000000000000000000500,48,47,47,46
131,0x00000000000000000000000000005000,48,47,48,47
132,0x00000000000000000000000000280000,46,50,48,44
133,0x00000000000000000000000000820000,46,50,48,45
134,0x00000000000000000000000005000000,46,49,48,50
135,0x00000000000000000000000050000000,47,49,48,49
136,0x00000000000000000000008200000000,51,47,47,49
137,0x00000000000000000000002800000000,51,46,48,49
138,0x00000000000000000000050000000000,46,49,46,46
139,0x00000000000000000000500000000000,46,50,47,46
140,0x00000000000000000028000000000000,48,48,47,46
141,0x00000000000000000082000000000000,48,47,46,47
142,0x00000000000000000500000000000000,48,48,50,47
143,0x00000000000000005000000000000000,47,47,51,47
144,0x00000000000000820000000000000000,52,47,46,50
145,0x00000000000000280000000000000000,52,47,46,50
146,0x00000000000005000000000000000000,48,47,49,46
147,0x00000000000050000000000000000000,47,46,48,45
148,0x00000000002800000000000000000000,50,47,50,47
149,0x00000000008200000000000000000000,50,47,50,47
150,0x00000000050000000000000000000000,47,49,47,46
151,0x00000000500000000000000000000000,48,49,47,46
152,0x00000082000000000000000000000000,48,46,48,48
153,0x00000028000000000000000000000000,48,46,48,48
154,0x00000500000000000000000000000000,50,48,47,47
155,0x00005000000000000000000000000000,50,48,48,47
156,0x00280000000000000000000000000000,47,49,48,47
157,0x00820000000000000000000000000000,47,49,48,47
158,0x05000000000000000000000000000000,46,47,47,48
159,0x50000000000000000000000000000000,46,46,47,47
160,0x00000000000000000000000000000084,48,47,48,48
161,0x00000000000000000000000000000048,48,46,48,47
162,0x00000000000000000000000000008100,48,47,48,46
163,0x00000000000000000000000000001800,48,47,49,47
164,0x00000000000000000000000000300000,46,49,48,44
165,0x00000000000000000000000000030000,46,49,48,45
166,0x00000000000000000000000024000000,46,49,48,47
167,0x00000000000000000000000042000000,47,49,48,48
168,0x00000000000000000000008400000000,46,48,47,47
169,0x00000000000000000000004800000000,46,47,48,47
170,0x00000000000000000000810000000000,48,49,48,46
171,0x00000000000000000000180000000000,48,48,47,46
172,0x00000000000000000030000000000000,48,46,48,45
173,0x00000000000000000003000000000000,48,47,49,46
174,0x00000000000000002400000000000000,48,48,49,48
175,0x00000000000000004200000000000000,47,47,48,48
176,0x00000000000000840000000000000000,47,48,47,51
177,0x00000000000000480000000000000000,47,48,47,51
178,0x00000000000081000000000000000000,48,47,47,46
179,0x00000000000018000000000000000000,47,46,48,45
180,0x00000000003000000000000000000000,47,47,49,47
181,0x00000000000300000000000000000000,47,47,49,47
182,0x00000000240000000000000000000000,47,47,47,48
183,0x00000000420000000000000000000000,48,47,47,48
184,0x00000084000000000000000000000000,49,46,48,48
185,0x00000048000000000000000000000000,48,46,48,48
186,0x00008100000000000000000000000000,50,48,49,47
187,0x00001800000000000000000000000000,50,48,48,47
188,0x00300000000000000000000000000000,47,48,47,48
189,0x00030000000000000000000000000000,47,48,47,48
190,0x24000000000000000000000000000000,48,46,47,51
191,0x42000000000000000000000000000000,47,47,47,51
192,0x00000000000000000000000000000086,58,48,56,55
193,0x00000000000000000000000000000068,58,47,56,54
194,0x00000000000000000000000000008500,57,55,54,60
195,0x00000000000000000000000000005800,57,56,55,61
196,0x00000000000000000000000000380000,57,53,57,58
197,0x00000000000000000000000000830000,56,53,57,58
198,0x00000000000000000000000025000000,55,57,58,65
199,0x00000000000000000000000052000000,56,57,58,65
200,0x00000000000000000000008600000000,62,52,58,51
201,0x00000000000000000000006800000000,62,51,59,51
202,0x00000000000000000000850000000000,50,57,56,48
203,0x00000000000000000000580000000000,50,56,57,48
204,0x00000000000000000038000000000000,50,61,61,57
205,0x00000000000000000083000000000000,50,60,62,58
206,0x00000000000000002500000000000000,59,59,55,62
207,0x00000000000000005200000000000000,59,60,56,62
208,0x00000000000000860000000000000000,56,58,57,60
209,0x00000000000000680000000000000000,57,58,57,60
210,0x00000000000085000000000000000000,59,51,57,56
211,0x00000000000058000000000000000000,60,50,57,55
212,0x00000000003800000000000000000000,52,58,56,57
213,0x00000000008300000000000000000000,52,58,56,57
214,0x00000000250000000000000000000000,64,65,66,56
215,0x00000000520000000000000000000000,64,65,66,56
216,0x00000086000000000000000000000000,48,56,54,58
217,0x00000068000000000000000000000000,49,56,54,58
218,0x00008500000000000000000000000000,51,55,50,55
219,0x00005800000000000000000000000000,51,55,50,55
220,0x00380000000000000000000000000000,58,54,48,51
221,0x00830000000000000000000000000000,58,54,48,51
222,0x25000000000000000000000000000000,60,62,63,62
223,0x52000000000000000000000000000000,61,62,63,62
224,0x00000000000000000000000000000010,47,46,48,47
225,0x00000000000000000000000000000001,47,46,48,46
226,0x00000000000000000000000000000200,48,47,47,46
227,0x00000000000000000000000000002000,48,47,48,47
228,0x00000000000000000000000000040000,46,50,48,44
229,0x00000000000000000000000000400000,46,50,48,45
230,0x00000000000000000000000080000000,46,49,48,50
231,0x00000000000000000000000008000000,47,49,48,49
232,0x00000000000000000000001000000000,51,47,47,49
233,0x00000000000000000000000100000000,51,46,48,49
234,0x00000000000000000000020000000000,46,49,46,46
235,0x00000000000000000000200000000000,46,50,47,46
236,0x00000000000000000004000000000000,48,48,47,46
237,0x00000000000000000040000000000000,48,47,46,47
238,0x00000000000000008000000000000000,48,48,50,47
239,0x00000000000000000800000000000000,47,47,51,47
240,0x00000000000000100000000000000000,52,47,46,50
241,0x00000000000000010000000000000000,52,47,46,50
242,0x00000000000002000000000000000000,48,47,49,46
243,0x00000000000020000000000000000000,47,46,48,45
244,0x00000000000400000000000000000000,50,47,50,47
245,0x00000000004000000000000000000000,50,47,50,47
246,0x00000000800000000000000000000000,47,49,47,46
247,0x00000000080000000000000000000000,48,49,47,46
248,0x00000010000000000000000000000000,48,46,48,48
249,0x00000001000000000000000000000000,48,46,48,48
250,0x00000200000000000000000000000000,50,48,47,47
251,0x00002000000000000000000000000000,50,48,48,47
252,0x00040000000000000000000000000000,47,49,48,47
253,0x00400000000000000000000000000000,47,49,48,47
254,0x80000000000000000000000000000000,46,47,47,48
255,0x08000000000000000000000000000000,46,46,47,47
256,0x00000000000000000000000000000012,47,46,47,47
257,0x00000000000000000000000000000021,47,45,47,46
258,0x00000000000000000000000000000600,47,47,48,44
259,0x00000000000000000000000000006000,47,47,49,45
260,0x000000000000000000000000000c0000,46,47,48,48
261,0x00000000000000000000000000c00000,46,47,48,47
262,0x00000000000000000000000081000000,47,46,47,47
263,0x00000000000000000000000018000000,47,46,47,47
264,0x00000000000000000000001200000000,46,46,46,46
265,0x00000000000000000000002100000000,46,45,47,46
266,0x00000000000000000000060000000000,47,49,48,47
267,0x00000000000000000000600000000000,47,48,47,47
268,0x0000000000000000000c000000000000,47,46,47,45
269,0x000000000000000000c0000000000000,47,47,48,46
270,0x00000000000000008100000000000000,49,46,48,46
271,0x00000000000000001800000000000000,48,47,48,46
272,0x00000000000000120000000000000000,46,48,48,48
273,0x00000000000000210000000000000000,46,48,48,48
274,0x00000000000006000000000000000000,46,47,45,48
275,0x00000000000060000000000000000000,47,46,46,47
276,0x00000000000c00000000000000000000,46,46,49,46
277,0x0000000000c000000000000000000000,46,46,49,46
278,0x00000000810000000000000000000000,48,47,48,47
279,0x00000000180000000000000000000000,48,47,48,47
280,0x00000012000000000000000000000000,45,46,48,48
281,0x00000021000000000000000000000000,46,46,48,48
282,0x00000600000000000000000000000000,51,47,46,46
283,0x00006000000000000000000000000000,51,47,45,46
284,0x000c0000000000000000000000000000,46,48,45,49
285,0x00c00000000000000000000000000000,46,48,45,49
286,0x81000000000000000000000000000000,50,46,45,47
287,0x18000000000000000000000000000000,49,47,45,46
288,0x00000000000000000000000000000014,60,60,64,56
289,0x00000000000000000000000000000041,60,60,64,57
290,0x00000000000000000000000000008200,62,65,64,51
291,0x00000000000000000000000000002800,62,65,65,52
292,0x00000000000000000000000000140000,62,53,66,58
293,0x00000000000000000000000000410000,63,53,66,58
294,0x000000000000000000000000a0000000,69,73,62,65
295,0x0000000000000000000000000a000000,69,73,62,65
296,0x00000000000000000000001400000000,62,52,58,61
297,0x00000000000000000000004100000000,62,51,59,61
298,0x00000000000000000000820000000000,64,56,62,63
299,0x00000000000000000000280000000000,64,57,61,63
300,0x00000000000000000014000000000000,64,65,59,62
301,0x00000000000000000041000000000000,63,64,59,61
302,0x0000000000000000a000000000000000,59,62,67,65
303,0x00000000000000000a00000000000000,59,62,67,65
304,0x00000000000000140000000000000000,56,62,57,60
305,0x00000000000000410000000000000000,57,62,57,60
306,0x00000000000082000000000000000000,60,59,60,61
307,0x00000000000028000000000000000000,61,58,61,60
308,0x00000000001400000000000000000000,53,59,56,59
309,0x00000000004100000000000000000000,53,59,56,59
310,0x00000000a00000000000000000000000,66,67,73,67
311,0x000000000a0000000000000000000000,67,67,73,67
312,0x00000014000000000000000000000000,64,60,54,64
313,0x00000041000000000000000000000000,65,60,54,64
314,0x00008200000000000000000000000000,66,59,59,63
315,0x00002800000000000000000000000000,66,60,60,63
316,0x00140000000000000000000000000000,65,62,63,61
317,0x00410000000000000000000000000000,65,62,63,61
318,0xa0000000000000000000000000000000,60,64,63,67
319,0x0a000000000000000000000000000000,61,65,63,68
320,0x00000000000000000000000000000016,47,46,48,47
321,0x00000000000000000000000000000061,47,47,48,46
322,0x00000000000000000000000000008600,48,47,47,46
323,0x00000000000000000000000000006800,48,47,48,47
324,0x000000000000000000000000001c0000,47,49,48,45
325,0x00000000000000000000000000c10000,46,49,48,46
326,0x000000000000000000000000a1000000,48,49,49,47
327,0x0000000000000000000000001a000000,47,49,50,48
328,0x00000000000000000000001600000000,46,47,47,47
329,0x00000000000000000000006100000000,46,46,48,47
330,0x00000000000000000000860000000000,46,49,46,47
331,0x00000000000000000000680000000000,46,48,47,47
332,0x0000000000000000001c000000000000,49,46,47,45
333,0x000000000000000000c1000000000000,49,47,46,46
334,0x0000000000000000a100000000000000,49,48,49,47
335,0x00000000000000001a00000000000000,48,47,48,47
336,0x00000000000000160000000000000000,47,47,46,50
337,0x00000000000000610000000000000000,47,47,46,50
338,0x00000000000086000000000000000000,48,47,47,48
339,0x00000000000068000000000000000000,49,46,48,47
340,0x00000000001c00000000000000000000,47,47,49,47
341,0x0000000000c100000000000000000000,47,47,49,47
342,0x00000000a10000000000000000000000,47,47,48,46
343,0x000000001a0000000000000000000000,48,47,48,46
344,0x00000016000000000000000000000000,48,51,48,48
345,0x00000061000000000000000000000000,48,51,48,48
346,0x00008600000000000000000000000000,50,49,47,47
347,0x00006800000000000000000000000000,50,49,48,47
348,0x001c0000000000000000000000000000,47,48,48,47
349,0x00c10000000000000000000000000000,47,48,48,47
350,0xa1000000000000000000000000000000,46,46,47,48
351,0x1a000000000000000000000000000000,46,46,47,47
352,0x00000000000000000000000000000090,47,46,47,47
353,0x00000000000000000000000000000009,47,45,47,46
354,0x00000000000000000000000000000300,47,47,48,44
355,0x00000000000000000000000000003000,47,47,49,45
356,0x00000000000000000000000000240000,46,47,48,48
357,0x00000000000000000000000000420000,46,47,48,47
358,0x00000000000000000000000084000000,47,46,47,47
359,0x00000000000000000000000048000000,47,46,47,47
360,0x00000000000000000000009000000000,46,46,46,46
361,0x00000000000000000000000900000000,46,45,47,46
362,0x00000000000000000000030000000000,47,49,48,47
363,0x00000000000000000000300000000000,47,48,47,47
364,0x00000000000000000024000000000000,47,46,47,45
365,0x00000000000000000042000000000000,47,47,48,46
366,0x00000000000000008400000000000000,49,46,48,46
367,0x00000000000000004800000000000000,48,47,48,46
368,0x00000000000000900000000000000000,46,48,48,48
369,0x00000000000000090000000000000000,46,48,48,48
370,0x00000000000003000000000000000000,46,47,45,48
371,0x00000000000030000000000000000000,47,46,46,47
372,0x00000000002400000000000000000000,46,46,49,46
373,0x00000000004200000000000000000000,46,46,49,46
374,0x00000000840000000000000000000000,48,47,48,47
375,0x00000000480000000000000000000000,48,47,48,47
376,0x00000090000000000000000000000000,45,46,48,48
377,0x00000009000000000000000000000000,46,46,48,48
378,0x00000300000000000000000000000000,53,47,46,46
379,0x00003000000000000000000000000000,53,47,45,46
380,0x00240000000000000000000000000000,46,48,45,49
381,0x00420000000000000000000000000000,46,48,45,49
382,0x84000000000000000000000000000000,50,46,45,47
383,0x48000000000000000000000000000000,49,47,45,46
384,0x00000000000000000000000000000092,58,48,56,55
385,0x00000000000000000000000000000029,58,47,56,54
386,0x00000000000000000000000000000700,57,55,54,51
387,0x00000000000000000000000000007000,57,56,55,52
388,0x000000000000000000000000002c0000,57,53,57,61
389,0x00000000000000000000000000c20000,56,53,57,60
390,0x00000000000000000000000085000000,55,57,58,68
391,0x00000000000000000000000058000000,56,57,58,68
392,0x00000000000000000000009200000000,62,59,58,51
393,0x00000000000000000000002900000000,62,58,59,51
394,0x00000000000000000000070000000000,50,56,56,48
395,0x00000000000000000000700000000000,50,56,57,48
396,0x0000000000000000002c000000000000,50,61,59,57
397,0x000000000000000000c2000000000000,50,60,59,58
398,0x00000000000000008500000000000000,66,59,55,62
399,0x00000000000000005800000000000000,67,60,56,62
400,0x00000000000000920000000000000000,62,58,62,61
401,0x00000000000000290000000000000000,62,58,62,61
402,0x00000000000007000000000000000000,59,51,57,56
403,0x00000000000070000000000000000000,60,50,57,55
404,0x00000000002c00000000000000000000,52,58,62,57
405,0x0000000000c200000000000000000000,52,58,62,57
406,0x00000000850000000000000000000000,64,65,66,56
407,0x00000000580000000000000000000000,64,65,66,56
408,0x00000092000000000000000000000000,48,56,60,58
409,0x00000029000000000000000000000000,49,56,60,58
410,0x00000700000000000000000000000000,51,55,50,55
411,0x00007000000000000000000000000000,51,55,50,55
412,0x002c0000000000000000000000000000,58,54,48,51
413,0x00c20000000000000000000000000000,58,54,48,51
414,0x85000000000000000000000000000000,63,62,64,62
415,0x58000000000000000000000000000000,64,62,64,62
416,0x00000000000000000000000000000094,48,47,48,48
417,0x00000000000000000000000000000049,48,46,48,47
418,0x00000000000000000000000000008300,48,47,48,46
419,0x00000000000000000000000000003800,48,47,49,47
420,0x00000000000000000000000000340000,46,49,48,44
421,0x00000000000000000000000000430000,46,49,48,45
422,0x000000000000000000000000a4000000,46,49,48,47
423,0x0000000000000000000000004a000000,47,49,48,48
424,0x00000000000000000000009400000000,46,48,47,47
425,0x00000000000000000000004900000000,46,47,48,47
426,0x00000000000000000000830000000000,48,49,48,46
427,0x00000000000000000000380000000000,48,48,47,46
428,0x00000000000000000034000000000000,48,46,48,45
429,0x00000000000000000043000000000000,48,47,49,46
430,0x0000000000000000a400000000000000,48,48,49,48
431,0x00000000000000004a00000000000000,47,47,48,48
432,0x00000000000000940000000000000000,47,48,47,51
433,0x00000000000000490000000000000000,47,48,47,51
434,0x00000000000083000000000000000000,48,47,47,46
435,0x00000000000038000000000000000000,47,46,48,45
436,0x00000000003400000000000000000000,47,47,49,47
437,0x00000000004300000000000000000000,47,47,49,47
438,0x00000000a40000000000000000000000,47,47,47,48
439,0x000000004a0000000000000000000000,48,47,47,48
440,0x00000094000000000000000000000000,49,46,48,48
441,0x00000049000000000000000000000000,48,46,48,48
442,0x00008300000000000000000000000000,50,48,49,47
443,0x00003800000000000000000000000000,50,48,48,47
444,0x00340000000000000000000000000000,47,48,48,48
445,0x00430000000000000000000000000000,47,48,48,48
446,0xa4000000000000000000000000000000,48,46,47,51
447,0x4a000000000000000000000000000000,47,47,47,51
448,0x00000000000000000000000000000096,58,48,56,55
449,0x00000000000000000000000000000069,58,47,56,54
450,0x00000000000000000000000000008700,57,55,54,51
451,0x00000000000000000000000000007800,57,56,55,52
452,0x000000000000000000000000003c0000,57,53,57,61
453,0x00000000000000000000000000c30000,56,53,57,60
454,0x000000000000000000000000a5000000,55,57,58,68
455,0x0000000000000000000000005a000000,56,57,58,68
456,0x00000000000000000000009600000000,62,59,58,51
457,0x00000000000000000000006900000000,62,58,59,51
458,0x00000000000000000000870000000000,50,56,56,48
459,0x00000000000000000000780000000000,50,56,57,48
460,0x0000000000000000003c000000000000,50,61,59,57
461,0x000000000000000000c3000000000000,50,60,59,58
462,0x0000000000000000a500000000000000,66,59,55,62
463,0x00000000000000005a00000000000000,67,60,56,62
464,0x00000000000000960000000000000000,62,58,62,61
465,0x00000000000000690000000000000000,62,58,62,61
466,0x00000000000087000000000000000000,59,51,57,56
467,0x00000000000078000000000000000000,60,50,57,55
468,0x00000000003c00000000000000000000,52,58,62,57
469,0x0000000000c300000000000000000000,52,58,62,57
470,0x00000000a50000000000000000000000,64,65,66,56
471,0x000000005a0000000000000000000000,64,65,66,56
472,0x00000096000000000000000000000000,48,56,60,58
473,0x00000069000000000000000000000000,49,56,60,58
474,0x00008700000000000000000000000000,51,55,50,55
475,0x00007800000000000000000000000000,51,55,50,55
476,0x003c0000000000000000000000000000,58,54,48,51
477,0x00c30000000000000000000000000000,58,54,48,51
478,0xa5000000000000000000000000000000,63,62,64,62
479,0x5a000000000000000000000000000000,64,62,64,62
