,Input_diff,Round3,Round2,Round1,Round0
0,00000000000000000000000000000001,2,3,2,3
1,00000000000000000000000000000010,2,3,2,3
2,00000000000000000000000000000100,2,2,3,2
3,00000000000000000000000000001000,2,2,3,2
4,00000000000000000000000000010000,2,2,2,2
5,00000000000000000000000000100000,2,2,2,2
6,00000000000000000000000001000000,3,2,2,2
7,00000000000000000000000010000000,2,2,2,2
8,00000000000000000000000100000000,2,2,2,2
9,00000000000000000000001000000000,2,2,2,2
10,00000000000000000000010000000000,3,2,2,2
11,00000000000000000000100000000000,3,2,2,2
12,00000000000000000001000000000000,2,3,3,3
13,00000000000000000010000000000000,2,2,2,3
14,00000000000000000100000000000000,2,2,2,2
15,00000000000000001000000000000000,2,2,2,2
16,00000000000000010000000000000000,2,2,2,2
17,00000000000000100000000000000000,2,2,2,2
18,00000000000001000000000000000000,2,3,2,3
19,00000000000010000000000000000000,2,3,2,2
20,00000000000100000000000000000000,3,2,2,2
21,00000000001000000000000000000000,3,2,2,2
22,00000000010000000000000000000000,2,2,3,2
23,00000000100000000000000000000000,2,2,3,2
24,00000001000000000000000000000000,3,2,3,2
25,00000010000000000000000000000000,3,2,3,2
26,00000100000000000000000000000000,2,2,2,2
27,00001000000000000000000000000000,2,2,2,2
28,00010000000000000000000000000000,2,2,2,2
29,00100000000000000000000000000000,2,2,2,2
30,01000000000000000000000000000000,2,3,2,3
31,10000000000000000000000000000000,2,3,2,3
32,00000000000000000000000000000002,2,2,3,2
33,00000000000000000000000000000020,2,2,3,2
34,00000000000000000000000000000200,2,2,2,2
35,00000000000000000000000000002000,2,2,2,2
36,00000000000000000000000000020000,3,3,2,2
37,00000000000000000000000000200000,3,3,2,2
38,00000000000000000000000002000000,1,2,2,3
39,00000000000000000000000020000000,2,2,2,3
40,00000000000000000000000200000000,3,3,2,2
41,00000000000000000000002000000000,3,3,2,2
42,00000000000000000000020000000000,2,2,2,3
43,00000000000000000000200000000000,2,2,2,3
44,00000000000000000002000000000000,2,1,1,2
45,00000000000000000020000000000000,2,2,2,2
46,00000000000000000200000000000000,2,2,3,2
47,00000000000000002000000000000000,2,2,3,2
48,00000000000000020000000000000000,2,2,2,2
49,00000000000000200000000000000000,2,2,2,2
50,00000000000002000000000000000000,2,2,2,1
51,00000000000020000000000000000000,2,2,2,2
52,00000000000200000000000000000000,2,2,3,3
53,00000000002000000000000000000000,2,2,3,3
54,00000000020000000000000000000000,3,3,2,2
55,00000000200000000000000000000000,3,3,2,2
56,00000002000000000000000000000000,2,2,2,3
57,00000020000000000000000000000000,2,2,2,3
58,00000200000000000000000000000000,3,3,3,2
59,00002000000000000000000000000000,3,3,3,2
60,00020000000000000000000000000000,2,2,2,2
61,00200000000000000000000000000000,2,2,2,2
62,02000000000000000000000000000000,2,2,2,2
63,20000000000000000000000000000000,2,2,2,2
64,00000000000000000000000000000003,2,5,2,5
65,00000000000000000000000000000030,2,5,2,5
66,00000000000000000000000000000300,4,2,5,4
67,00000000000000000000000000003000,4,2,5,4
68,00000000000000000000000000030000,2,2,2,2
69,00000000000000000000000000300000,2,2,2,2
70,00000000000000000000000003000000,4,4,4,2
71,00000000000000000000000030000000,4,4,4,2
72,00000000000000000000000300000000,2,2,4,2
73,00000000000000000000003000000000,2,2,4,2
74,00000000000000000000030000000000,5,4,2,2
75,00000000000000000000300000000000,5,4,2,2
76,00000000000000000003000000000000,2,4,4,5
77,00000000000000000030000000000000,2,4,4,5
78,00000000000000000300000000000000,4,2,2,4
79,00000000000000003000000000000000,4,2,2,4
80,00000000000000030000000000000000,4,2,2,4
81,00000000000000300000000000000000,4,2,2,4
82,00000000000003000000000000000000,2,5,4,4
83,00000000000030000000000000000000,2,5,4,4
84,00000000000300000000000000000000,5,4,2,2
85,00000000003000000000000000000000,5,4,2,2
86,00000000030000000000000000000000,2,2,5,2
87,00000000300000000000000000000000,2,2,5,2
88,00000003000000000000000000000000,5,4,5,2
89,00000030000000000000000000000000,5,4,5,2
90,00000300000000000000000000000000,2,2,2,2
91,00003000000000000000000000000000,2,2,2,2
92,00030000000000000000000000000000,4,2,4,4
93,00300000000000000000000000000000,4,2,4,4
94,03000000000000000000000000000000,2,5,2,5
95,30000000000000000000000000000000,2,5,2,5
96,00000000000000000000000000000004,3,2,2,2
97,00000000000000000000000000000040,3,2,2,2
98,00000000000000000000000000000400,2,3,2,2
99,00000000000000000000000000004000,2,3,2,2
100,00000000000000000000000000040000,2,2,3,3
101,00000000000000000000000000400000,2,2,3,3
102,00000000000000000000000004000000,1,2,2,2
103,00000000000000000000000040000000,2,2,2,2
104,00000000000000000000000400000000,2,2,2,3
105,00000000000000000000004000000000,2,2,2,3
106,00000000000000000000040000000000,2,2,3,2
107,00000000000000000000400000000000,2,2,3,2
108,00000000000000000004000000000000,3,1,1,2
109,00000000000000000040000000000000,3,2,2,2
110,00000000000000000400000000000000,2,3,2,2
111,00000000000000004000000000000000,2,3,2,2
112,00000000000000040000000000000000,2,3,3,2
113,00000000000000400000000000000000,2,3,3,2
114,00000000000004000000000000000000,3,2,2,1
115,00000000000040000000000000000000,3,2,2,2
116,00000000000400000000000000000000,2,2,2,2
117,00000000004000000000000000000000,2,2,2,2
118,00000000040000000000000000000000,2,2,2,3
119,00000000400000000000000000000000,2,2,2,3
120,00000004000000000000000000000000,2,2,2,2
121,00000040000000000000000000000000,2,2,2,2
122,00000400000000000000000000000000,2,2,2,3
123,00004000000000000000000000000000,2,2,2,3
124,00040000000000000000000000000000,2,3,2,2
125,00400000000000000000000000000000,2,3,2,2
126,04000000000000000000000000000000,3,2,3,2
127,40000000000000000000000000000000,3,2,3,2
128,00000000000000000000000000000005,5,5,2,5
129,00000000000000000000000000000050,5,5,2,5
130,00000000000000000000000000000500,2,5,5,2
131,00000000000000000000000000005000,2,5,5,2
132,00000000000000000000000000050000,2,2,5,5
133,00000000000000000000000000500000,2,2,5,5
134,00000000000000000000000005000000,4,2,2,2
135,00000000000000000000000050000000,4,2,2,2
136,00000000000000000000000500000000,2,2,2,5
137,00000000000000000000005000000000,2,2,2,5
138,00000000000000000000050000000000,5,2,5,2
139,00000000000000000000500000000000,5,2,5,2
140,00000000000000000005000000000000,5,4,4,5
141,00000000000000000050000000000000,5,4,4,5
142,00000000000000000500000000000000,2,5,2,2
143,00000000000000005000000000000000,2,5,2,2
144,00000000000000050000000000000000,2,5,5,2
145,00000000000000500000000000000000,2,5,5,2
146,00000000000005000000000000000000,5,5,2,4
147,00000000000050000000000000000000,5,5,2,4
148,00000000000500000000000000000000,5,2,2,2
149,00000000005000000000000000000000,5,2,2,2
150,00000000050000000000000000000000,2,2,5,5
151,00000000500000000000000000000000,2,2,5,5
152,00000005000000000000000000000000,5,2,5,2
153,00000050000000000000000000000000,5,2,5,2
154,00000500000000000000000000000000,2,2,2,5
155,00005000000000000000000000000000,2,2,2,5
156,00050000000000000000000000000000,2,5,2,2
157,00500000000000000000000000000000,2,5,2,2
158,05000000000000000000000000000000,5,5,5,5
159,50000000000000000000000000000000,5,5,5,5
160,00000000000000000000000000000006,5,2,2,2
161,00000000000000000000000000000060,5,2,2,2
162,00000000000000000000000000000600,4,5,2,4
163,00000000000000000000000000006000,4,5,2,4
164,00000000000000000000000000060000,2,2,5,5
165,00000000000000000000000000600000,2,2,5,5
166,00000000000000000000000006000000,1,4,4,2
167,00000000000000000000000060000000,2,4,4,2
168,00000000000000000000000600000000,2,2,4,5
169,00000000000000000000006000000000,2,2,4,5
170,00000000000000000000060000000000,2,4,5,2
171,00000000000000000000600000000000,2,4,5,2
172,00000000000000000006000000000000,5,1,1,2
173,00000000000000000060000000000000,5,2,2,2
174,00000000000000000600000000000000,4,5,2,4
175,00000000000000006000000000000000,4,5,2,4
176,00000000000000060000000000000000,4,5,5,4
177,00000000000000600000000000000000,4,5,5,4
178,00000000000006000000000000000000,5,2,4,1
179,00000000000060000000000000000000,5,2,4,2
180,00000000000600000000000000000000,2,4,2,2
181,00000000006000000000000000000000,2,4,2,2
182,00000000060000000000000000000000,2,2,2,5
183,00000000600000000000000000000000,2,2,2,5
184,00000006000000000000000000000000,2,4,2,2
185,00000060000000000000000000000000,2,4,2,2
186,00000600000000000000000000000000,2,2,2,5
187,00006000000000000000000000000000,2,2,2,5
188,00060000000000000000000000000000,4,5,4,4
189,00600000000000000000000000000000,4,5,4,4
190,06000000000000000000000000000000,5,2,5,2
191,60000000000000000000000000000000,5,2,5,2
192,00000000000000000000000000000007,5,5,2,5
193,00000000000000000000000000000070,5,5,2,5
194,00000000000000000000000000000700,4,5,5,4
195,00000000000000000000000000007000,4,5,5,4
196,00000000000000000000000000070000,2,2,5,5
197,00000000000000000000000000700000,2,2,5,5
198,00000000000000000000000007000000,4,4,4,2
199,00000000000000000000000070000000,4,4,4,2
200,00000000000000000000000700000000,2,2,4,5
201,00000000000000000000007000000000,2,2,4,5
202,00000000000000000000070000000000,5,4,5,2
203,00000000000000000000700000000000,5,4,5,2
204,00000000000000000007000000000000,5,4,4,5
205,00000000000000000070000000000000,5,4,4,5
206,00000000000000000700000000000000,4,5,2,4
207,00000000000000007000000000000000,4,5,2,4
208,00000000000000070000000000000000,4,5,5,4
209,00000000000000700000000000000000,4,5,5,4
210,00000000000007000000000000000000,5,5,4,4
211,00000000000070000000000000000000,5,5,4,4
212,00000000000700000000000000000000,5,4,2,2
213,00000000007000000000000000000000,5,4,2,2
214,00000000070000000000000000000000,2,2,5,5
215,00000000700000000000000000000000,2,2,5,5
216,00000007000000000000000000000000,5,4,5,2
217,00000070000000000000000000000000,5,4,5,2
218,00000700000000000000000000000000,2,2,2,5
219,00007000000000000000000000000000,2,2,2,5
220,00070000000000000000000000000000,4,5,4,4
221,00700000000000000000000000000000,4,5,4,4
222,07000000000000000000000000000000,5,5,5,5
223,70000000000000000000000000000000,5,5,5,5
224,00000000000000000000000000000008,2,2,2,2
225,00000000000000000000000000000080,2,2,2,2
226,00000000000000000000000000000800,3,2,2,3
227,00000000000000000000000000008000,3,2,2,3
228,00000000000000000000000000080000,2,2,2,2
229,00000000000000000000000000800000,2,2,2,2
230,00000000000000000000000008000000,2,3,3,2
231,00000000000000000000000080000000,1,3,3,2
232,00000000000000000000000800000000,2,2,3,2
233,00000000000000000000008000000000,2,2,3,2
234,00000000000000000000080000000000,2,3,2,2
235,00000000000000000000800000000000,2,3,2,2
236,00000000000000000008000000000000,2,2,2,2
237,00000000000000000080000000000000,2,1,1,2
238,00000000000000000800000000000000,3,2,2,3
239,00000000000000008000000000000000,3,2,2,3
240,00000000000000080000000000000000,3,2,2,3
241,00000000000000800000000000000000,3,2,2,3
242,00000000000008000000000000000000,2,2,3,2
243,00000000000080000000000000000000,2,2,3,1
244,00000000000800000000000000000000,2,3,2,2
245,00000000008000000000000000000000,2,3,2,2
246,00000000080000000000000000000000,2,2,2,2
247,00000000800000000000000000000000,2,2,2,2
248,00000008000000000000000000000000,2,3,2,2
249,00000080000000000000000000000000,2,3,2,2
250,00000800000000000000000000000000,2,2,2,2
251,00008000000000000000000000000000,2,2,2,2
252,00080000000000000000000000000000,3,2,3,3
253,00800000000000000000000000000000,3,2,3,3
254,08000000000000000000000000000000,2,2,2,2
255,80000000000000000000000000000000,2,2,2,2
256,00000000000000000000000000000009,4,2,4,2
257,00000000000000000000000000000090,4,2,4,2
258,00000000000000000000000000000900,5,4,2,5
259,00000000000000000000000000009000,5,4,2,5
260,00000000000000000000000000090000,4,4,4,4
261,00000000000000000000000000900000,4,4,4,4
262,00000000000000000000000009000000,2,5,5,4
263,00000000000000000000000090000000,1,5,5,4
264,00000000000000000000000900000000,4,4,5,4
265,00000000000000000000009000000000,4,4,5,4
266,00000000000000000000090000000000,2,5,4,4
267,00000000000000000000900000000000,2,5,4,4
268,00000000000000000009000000000000,4,2,2,2
269,00000000000000000090000000000000,4,1,1,2
270,00000000000000000900000000000000,5,4,4,5
271,00000000000000009000000000000000,5,4,4,5
272,00000000000000090000000000000000,5,4,4,5
273,00000000000000900000000000000000,5,4,4,5
274,00000000000009000000000000000000,4,2,5,2
275,00000000000090000000000000000000,4,2,5,1
276,00000000000900000000000000000000,2,5,4,4
277,00000000009000000000000000000000,2,5,4,4
278,00000000090000000000000000000000,4,4,2,4
279,00000000900000000000000000000000,4,4,2,4
280,00000009000000000000000000000000,2,5,2,4
281,00000090000000000000000000000000,2,5,2,4
282,00000900000000000000000000000000,4,4,4,4
283,00009000000000000000000000000000,4,4,4,4
284,00090000000000000000000000000000,5,4,5,5
285,00900000000000000000000000000000,5,4,5,5
286,09000000000000000000000000000000,4,2,4,2
287,90000000000000000000000000000000,4,2,4,2
288,0000000000000000000000000000000a,4,4,5,4
289,000000000000000000000000000000a0,4,4,5,4
290,00000000000000000000000000000a00,2,4,4,2
291,0000000000000000000000000000a000,2,4,4,2
292,000000000000000000000000000a0000,5,5,4,4
293,00000000000000000000000000a00000,5,5,4,4
294,0000000000000000000000000a000000,3,2,2,5
295,000000000000000000000000a0000000,3,2,2,5
296,00000000000000000000000a00000000,5,5,2,4
297,0000000000000000000000a000000000,5,5,2,4
298,000000000000000000000a0000000000,4,2,4,5
299,00000000000000000000a00000000000,4,2,4,5
300,0000000000000000000a000000000000,4,3,3,4
301,000000000000000000a0000000000000,4,3,3,4
302,00000000000000000a00000000000000,2,4,5,2
303,0000000000000000a000000000000000,2,4,5,2
304,000000000000000a0000000000000000,2,4,4,2
305,00000000000000a00000000000000000,2,4,4,2
306,0000000000000a000000000000000000,4,4,2,3
307,000000000000a0000000000000000000,4,4,2,3
308,00000000000a00000000000000000000,4,2,5,5
309,0000000000a000000000000000000000,4,2,5,5
310,000000000a0000000000000000000000,5,5,4,4
311,00000000a00000000000000000000000,5,5,4,4
312,0000000a000000000000000000000000,4,2,4,5
313,000000a0000000000000000000000000,4,2,4,5
314,00000a00000000000000000000000000,5,5,5,4
315,0000a000000000000000000000000000,5,5,5,4
316,000a0000000000000000000000000000,2,4,2,2
317,00a00000000000000000000000000000,2,4,2,2
318,0a000000000000000000000000000000,4,4,4,4
319,a0000000000000000000000000000000,4,4,4,4
320,0000000000000000000000000000000b,4,4,4,4
321,000000000000000000000000000000b0,4,4,4,4
322,00000000000000000000000000000b00,4,4,4,4
323,0000000000000000000000000000b000,4,4,4,4
324,000000000000000000000000000b0000,4,4,4,4
325,00000000000000000000000000b00000,4,4,4,4
326,0000000000000000000000000b000000,3,4,4,4
327,000000000000000000000000b0000000,3,4,4,4
328,00000000000000000000000b00000000,4,4,4,4
329,0000000000000000000000b000000000,4,4,4,4
330,000000000000000000000b0000000000,4,4,4,4
331,00000000000000000000b00000000000,4,4,4,4
332,0000000000000000000b000000000000,4,3,3,4
333,000000000000000000b0000000000000,4,3,3,4
334,00000000000000000b00000000000000,4,4,4,4
335,0000000000000000b000000000000000,4,4,4,4
336,000000000000000b0000000000000000,4,4,4,4
337,00000000000000b00000000000000000,4,4,4,4
338,0000000000000b000000000000000000,4,4,4,3
339,000000000000b0000000000000000000,4,4,4,3
340,00000000000b00000000000000000000,4,4,4,4
341,0000000000b000000000000000000000,4,4,4,4
342,000000000b0000000000000000000000,4,4,4,4
343,00000000b00000000000000000000000,4,4,4,4
344,0000000b000000000000000000000000,4,4,4,4
345,000000b0000000000000000000000000,4,4,4,4
346,00000b00000000000000000000000000,4,4,4,4
347,0000b000000000000000000000000000,4,4,4,4
348,000b0000000000000000000000000000,4,4,4,4
349,00b00000000000000000000000000000,4,4,4,4
350,0b000000000000000000000000000000,4,4,4,4
351,b0000000000000000000000000000000,4,4,4,4
352,0000000000000000000000000000000c,2,4,4,4
353,000000000000000000000000000000c0,2,4,4,4
354,00000000000000000000000000000c00,5,2,4,5
355,0000000000000000000000000000c000,5,2,4,5
356,000000000000000000000000000c0000,4,4,2,2
357,00000000000000000000000000c00000,4,4,2,2
358,0000000000000000000000000c000000,3,5,5,4
359,000000000000000000000000c0000000,3,5,5,4
360,00000000000000000000000c00000000,4,4,5,2
361,0000000000000000000000c000000000,4,4,5,2
362,000000000000000000000c0000000000,4,5,2,4
363,00000000000000000000c00000000000,4,5,2,4
364,0000000000000000000c000000000000,2,3,3,4
365,000000000000000000c0000000000000,2,3,3,4
366,00000000000000000c00000000000000,5,2,4,5
367,0000000000000000c000000000000000,5,2,4,5
368,000000000000000c0000000000000000,5,2,2,5
369,00000000000000c00000000000000000,5,2,2,5
370,0000000000000c000000000000000000,2,4,5,3
371,000000000000c0000000000000000000,2,4,5,3
372,00000000000c00000000000000000000,4,5,4,4
373,0000000000c000000000000000000000,4,5,4,4
374,000000000c0000000000000000000000,4,4,4,2
375,00000000c00000000000000000000000,4,4,4,2
376,0000000c000000000000000000000000,4,5,4,4
377,000000c0000000000000000000000000,4,5,4,4
378,00000c00000000000000000000000000,4,4,4,2
379,0000c000000000000000000000000000,4,4,4,2
380,000c0000000000000000000000000000,5,2,5,5
381,00c00000000000000000000000000000,5,2,5,5
382,0c000000000000000000000000000000,2,4,2,4
383,c0000000000000000000000000000000,2,4,2,4
384,0000000000000000000000000000000d,4,4,4,4
385,000000000000000000000000000000d0,4,4,4,4
386,00000000000000000000000000000d00,5,4,4,5
387,0000000000000000000000000000d000,5,4,4,5
388,000000000000000000000000000d0000,4,4,4,4
389,00000000000000000000000000d00000,4,4,4,4
390,0000000000000000000000000d000000,3,5,5,4
391,000000000000000000000000d0000000,3,5,5,4
392,00000000000000000000000d00000000,4,4,5,4
393,0000000000000000000000d000000000,4,4,5,4
394,000000000000000000000d0000000000,4,5,4,4
395,00000000000000000000d00000000000,4,5,4,4
396,0000000000000000000d000000000000,4,3,3,4
397,000000000000000000d0000000000000,4,3,3,4
398,00000000000000000d00000000000000,5,4,4,5
399,0000000000000000d000000000000000,5,4,4,5
400,000000000000000d0000000000000000,5,4,4,5
401,00000000000000d00000000000000000,5,4,4,5
402,0000000000000d000000000000000000,4,4,5,3
403,000000000000d0000000000000000000,4,4,5,3
404,00000000000d00000000000000000000,4,5,4,4
405,0000000000d000000000000000000000,4,5,4,4
406,000000000d0000000000000000000000,4,4,4,4
407,00000000d00000000000000000000000,4,4,4,4
408,0000000d000000000000000000000000,4,5,4,4
409,000000d0000000000000000000000000,4,5,4,4
410,00000d00000000000000000000000000,4,4,4,4
411,0000d000000000000000000000000000,4,4,4,4
412,000d0000000000000000000000000000,5,4,5,5
413,00d00000000000000000000000000000,5,4,5,5
414,0d000000000000000000000000000000,4,4,4,4
415,d0000000000000000000000000000000,4,4,4,4
416,0000000000000000000000000000000e,4,4,4,4
417,000000000000000000000000000000e0,4,4,4,4
418,00000000000000000000000000000e00,4,4,4,4
419,0000000000000000000000000000e000,4,4,4,4
420,000000000000000000000000000e0000,4,4,4,4
421,00000000000000000000000000e00000,4,4,4,4
422,0000000000000000000000000e000000,3,4,4,4
423,000000000000000000000000e0000000,3,4,4,4
424,00000000000000000000000e00000000,4,4,4,4
425,0000000000000000000000e000000000,4,4,4,4
426,000000000000000000000e0000000000,4,4,4,4
427,00000000000000000000e00000000000,4,4,4,4
428,0000000000000000000e000000000000,4,3,3,4
429,000000000000000000e0000000000000,4,3,3,4
430,00000000000000000e00000000000000,4,4,4,4
431,0000000000000000e000000000000000,4,4,4,4
432,000000000000000e0000000000000000,4,4,4,4
433,00000000000000e00000000000000000,4,4,4,4
434,0000000000000e000000000000000000,4,4,4,3
435,000000000000e0000000000000000000,4,4,4,3
436,00000000000e00000000000000000000,4,4,4,4
437,0000000000e000000000000000000000,4,4,4,4
438,000000000e0000000000000000000000,4,4,4,4
439,00000000e00000000000000000000000,4,4,4,4
440,0000000e000000000000000000000000,4,4,4,4
441,000000e0000000000000000000000000,4,4,4,4
442,00000e00000000000000000000000000,4,4,4,4
443,0000e000000000000000000000000000,4,4,4,4
444,000e0000000000000000000000000000,4,4,4,4
445,00e00000000000000000000000000000,4,4,4,4
446,0e000000000000000000000000000000,4,4,4,4
447,e0000000000000000000000000000000,4,4,4,4
448,0000000000000000000000000000000f,4,4,4,4
449,000000000000000000000000000000f0,4,4,4,4
450,00000000000000000000000000000f00,4,4,4,4
451,0000000000000000000000000000f000,4,4,4,4
452,000000000000000000000000000f0000,4,4,4,4
453,00000000000000000000000000f00000,4,4,4,4
454,0000000000000000000000000f000000,3,4,4,4
455,000000000000000000000000f0000000,3,4,4,4
456,00000000000000000000000f00000000,4,4,4,4
457,0000000000000000000000f000000000,4,4,4,4
458,000000000000000000000f0000000000,4,4,4,4
459,00000000000000000000f00000000000,4,4,4,4
460,0000000000000000000f000000000000,4,3,3,4
461,000000000000000000f0000000000000,4,3,3,4
462,00000000000000000f00000000000000,4,4,4,4
463,0000000000000000f000000000000000,4,4,4,4
464,000000000000000f0000000000000000,4,4,4,4
465,00000000000000f00000000000000000,4,4,4,4
466,0000000000000f000000000000000000,4,4,4,3
467,000000000000f0000000000000000000,4,4,4,3
468,00000000000f00000000000000000000,4,4,4,4
469,0000000000f000000000000000000000,4,4,4,4
470,000000000f0000000000000000000000,4,4,4,4
471,00000000f00000000000000000000000,4,4,4,4
472,0000000f000000000000000000000000,4,4,4,4
473,000000f0000000000000000000000000,4,4,4,4
474,00000f00000000000000000000000000,4,4,4,4
475,0000f000000000000000000000000000,4,4,4,4
476,000f0000000000000000000000000000,4,4,4,4
477,00f00000000000000000000000000000,4,4,4,4
478,0f000000000000000000000000000000,4,4,4,4
479,f0000000000000000000000000000000,4,4,4,4
