,Input_diff,Round0,Round1,Round2,Round3
0,00000000000000000000000000000001,3,3,3,3
1,00000000000000000000000000000010,2,2,2,2
2,00000000000000000000000000000100,2,2,2,2
3,00000000000000000000000000001000,2,2,2,2
4,00000000000000000000000000010000,2,2,2,2
5,00000000000000000000000000100000,2,2,2,2
6,00000000000000000000000001000000,2,2,2,2
7,00000000000000000000000010000000,2,2,2,2
8,00000000000000000000000100000000,3,3,3,3
9,00000000000000000000001000000000,3,3,3,3
10,00000000000000000000010000000000,2,2,2,2
11,00000000000000000000100000000000,2,2,2,2
12,00000000000000000001000000000000,2,2,2,2
13,00000000000000000010000000000000,2,2,2,2
14,00000000000000000100000000000000,2,2,2,2
15,00000000000000001000000000000000,2,2,2,2
16,00000000000000010000000000000000,3,3,3,3
17,00000000000000100000000000000000,3,3,3,3
18,00000000000001000000000000000000,2,2,2,2
19,00000000000010000000000000000000,2,2,2,2
20,00000000000100000000000000000000,2,2,2,2
21,00000000001000000000000000000000,2,2,2,2
22,00000000010000000000000000000000,2,2,2,2
23,00000000100000000000000000000000,2,2,2,2
24,00000001000000000000000000000000,3,3,3,3
25,00000010000000000000000000000000,3,3,3,3
26,00000100000000000000000000000000,2,2,2,2
27,00001000000000000000000000000000,2,2,2,2
28,00010000000000000000000000000000,2,2,2,2
29,00100000000000000000000000000000,2,2,2,2
30,01000000000000000000000000000000,2,2,2,2
31,10000000000000000000000000000000,2,2,2,2
32,00000000000000000000000000000002,1,1,1,1
33,00000000000000000000000000000020,2,2,2,2
34,00000000000000000000000000000200,3,3,3,3
35,00000000000000000000000000002000,3,3,3,3
36,00000000000000000000000000020000,2,2,2,2
37,00000000000000000000000000200000,2,2,2,2
38,00000000000000000000000002000000,2,2,2,2
39,00000000000000000000000020000000,2,2,2,2
40,00000000000000000000000200000000,2,2,2,2
41,00000000000000000000002000000000,2,2,2,2
42,00000000000000000000020000000000,3,3,3,3
43,00000000000000000000200000000000,3,3,3,3
44,00000000000000000002000000000000,2,2,2,2
45,00000000000000000020000000000000,2,2,2,2
46,00000000000000000200000000000000,2,2,2,2
47,00000000000000002000000000000000,2,2,2,2
48,00000000000000020000000000000000,2,2,2,2
49,00000000000000200000000000000000,2,2,2,2
50,00000000000002000000000000000000,3,3,3,3
51,00000000000020000000000000000000,3,3,3,3
52,00000000000200000000000000000000,2,2,2,2
53,00000000002000000000000000000000,2,2,2,2
54,00000000020000000000000000000000,2,2,2,2
55,00000000200000000000000000000000,2,2,2,2
56,00000002000000000000000000000000,2,2,2,2
57,00000020000000000000000000000000,2,2,2,2
58,00000200000000000000000000000000,3,3,3,3
59,00002000000000000000000000000000,3,3,3,3
60,00020000000000000000000000000000,2,2,2,2
61,00200000000000000000000000000000,2,2,2,2
62,02000000000000000000000000000000,2,2,2,2
63,20000000000000000000000000000000,2,2,2,2
64,00000000000000000000000000000003,4,4,4,4
65,00000000000000000000000000000030,4,4,4,4
66,00000000000000000000000000000300,2,2,2,2
67,00000000000000000000000000003000,2,2,2,2
68,00000000000000000000000000030000,2,2,2,2
69,00000000000000000000000000300000,2,2,2,2
70,00000000000000000000000003000000,4,4,4,4
71,00000000000000000000000030000000,4,4,4,4
72,00000000000000000000000300000000,5,5,5,5
73,00000000000000000000003000000000,5,5,5,5
74,00000000000000000000030000000000,2,2,2,2
75,00000000000000000000300000000000,2,2,2,2
76,00000000000000000003000000000000,2,2,2,2
77,00000000000000000030000000000000,2,2,2,2
78,00000000000000000300000000000000,4,4,4,4
79,00000000000000003000000000000000,4,4,4,4
80,00000000000000030000000000000000,5,5,5,5
81,00000000000000300000000000000000,5,5,5,5
82,00000000000003000000000000000000,2,2,2,2
83,00000000000030000000000000000000,2,2,2,2
84,00000000000300000000000000000000,2,2,2,2
85,00000000003000000000000000000000,2,2,2,2
86,00000000030000000000000000000000,4,4,4,4
87,00000000300000000000000000000000,4,4,4,4
88,00000003000000000000000000000000,5,5,5,5
89,00000030000000000000000000000000,5,5,5,5
90,00000300000000000000000000000000,2,2,2,2
91,00003000000000000000000000000000,2,2,2,2
92,00030000000000000000000000000000,2,2,2,2
93,00300000000000000000000000000000,2,2,2,2
94,03000000000000000000000000000000,4,4,4,4
95,30000000000000000000000000000000,4,4,4,4
96,00000000000000000000000000000004,1,1,1,1
97,00000000000000000000000000000040,2,2,2,2
98,00000000000000000000000000000400,2,2,2,2
99,00000000000000000000000000004000,2,2,2,2
100,00000000000000000000000000040000,3,3,3,3
101,00000000000000000000000000400000,3,3,3,3
102,00000000000000000000000004000000,2,2,2,2
103,00000000000000000000000040000000,2,2,2,2
104,00000000000000000000000400000000,2,2,2,2
105,00000000000000000000004000000000,2,2,2,2
106,00000000000000000000040000000000,2,2,2,2
107,00000000000000000000400000000000,2,2,2,2
108,00000000000000000004000000000000,3,3,3,3
109,00000000000000000040000000000000,3,3,3,3
110,00000000000000000400000000000000,2,2,2,2
111,00000000000000004000000000000000,2,2,2,2
112,00000000000000040000000000000000,2,2,2,2
113,00000000000000400000000000000000,2,2,2,2
114,00000000000004000000000000000000,2,2,2,2
115,00000000000040000000000000000000,2,2,2,2
116,00000000000400000000000000000000,3,3,3,3
117,00000000004000000000000000000000,3,3,3,3
118,00000000040000000000000000000000,2,2,2,2
119,00000000400000000000000000000000,2,2,2,2
120,00000004000000000000000000000000,2,2,2,2
121,00000040000000000000000000000000,2,2,2,2
122,00000400000000000000000000000000,2,2,2,2
123,00004000000000000000000000000000,2,2,2,2
124,00040000000000000000000000000000,3,3,3,3
125,00400000000000000000000000000000,3,3,3,3
126,04000000000000000000000000000000,2,2,2,2
127,40000000000000000000000000000000,2,2,2,2
128,00000000000000000000000000000005,4,4,4,4
129,00000000000000000000000000000050,4,4,4,4
130,00000000000000000000000000000500,2,2,2,2
131,00000000000000000000000000005000,2,2,2,2
132,00000000000000000000000000050000,5,5,5,5
133,00000000000000000000000000500000,5,5,5,5
134,00000000000000000000000005000000,2,2,2,2
135,00000000000000000000000050000000,2,2,2,2
136,00000000000000000000000500000000,5,5,5,5
137,00000000000000000000005000000000,5,5,5,5
138,00000000000000000000050000000000,2,2,2,2
139,00000000000000000000500000000000,2,2,2,2
140,00000000000000000005000000000000,5,5,5,5
141,00000000000000000050000000000000,5,5,5,5
142,00000000000000000500000000000000,2,2,2,2
143,00000000000000005000000000000000,2,2,2,2
144,00000000000000050000000000000000,5,5,5,5
145,00000000000000500000000000000000,5,5,5,5
146,00000000000005000000000000000000,2,2,2,2
147,00000000000050000000000000000000,2,2,2,2
148,00000000000500000000000000000000,5,5,5,5
149,00000000005000000000000000000000,5,5,5,5
150,00000000050000000000000000000000,2,2,2,2
151,00000000500000000000000000000000,2,2,2,2
152,00000005000000000000000000000000,5,5,5,5
153,00000050000000000000000000000000,5,5,5,5
154,00000500000000000000000000000000,2,2,2,2
155,00005000000000000000000000000000,2,2,2,2
156,00050000000000000000000000000000,5,5,5,5
157,00500000000000000000000000000000,5,5,5,5
158,05000000000000000000000000000000,2,2,2,2
159,50000000000000000000000000000000,2,2,2,2
160,00000000000000000000000000000006,1,1,1,1
161,00000000000000000000000000000060,2,2,2,2
162,00000000000000000000000000000600,2,2,2,2
163,00000000000000000000000000006000,2,2,2,2
164,00000000000000000000000000060000,5,5,5,5
165,00000000000000000000000000600000,5,5,5,5
166,00000000000000000000000006000000,4,4,4,4
167,00000000000000000000000060000000,4,4,4,4
168,00000000000000000000000600000000,2,2,2,2
169,00000000000000000000006000000000,2,2,2,2
170,00000000000000000000060000000000,2,2,2,2
171,00000000000000000000600000000000,2,2,2,2
172,00000000000000000006000000000000,5,5,5,5
173,00000000000000000060000000000000,5,5,5,5
174,00000000000000000600000000000000,4,4,4,4
175,00000000000000006000000000000000,4,4,4,4
176,00000000000000060000000000000000,2,2,2,2
177,00000000000000600000000000000000,2,2,2,2
178,00000000000006000000000000000000,2,2,2,2
179,00000000000060000000000000000000,2,2,2,2
180,00000000000600000000000000000000,5,5,5,5
181,00000000006000000000000000000000,5,5,5,5
182,00000000060000000000000000000000,4,4,4,4
183,00000000600000000000000000000000,4,4,4,4
184,00000006000000000000000000000000,2,2,2,2
185,00000060000000000000000000000000,2,2,2,2
186,00000600000000000000000000000000,2,2,2,2
187,00006000000000000000000000000000,2,2,2,2
188,00060000000000000000000000000000,5,5,5,5
189,00600000000000000000000000000000,5,5,5,5
190,06000000000000000000000000000000,4,4,4,4
191,60000000000000000000000000000000,4,4,4,4
192,00000000000000000000000000000007,4,4,4,4
193,00000000000000000000000000000070,4,4,4,4
194,00000000000000000000000000000700,2,2,2,2
195,00000000000000000000000000007000,2,2,2,2
196,00000000000000000000000000070000,5,5,5,5
197,00000000000000000000000000700000,5,5,5,5
198,00000000000000000000000007000000,4,4,4,4
199,00000000000000000000000070000000,4,4,4,4
200,00000000000000000000000700000000,5,5,5,5
201,00000000000000000000007000000000,5,5,5,5
202,00000000000000000000070000000000,2,2,2,2
203,00000000000000000000700000000000,2,2,2,2
204,00000000000000000007000000000000,5,5,5,5
205,00000000000000000070000000000000,5,5,5,5
206,00000000000000000700000000000000,4,4,4,4
207,00000000000000007000000000000000,4,4,4,4
208,00000000000000070000000000000000,5,5,5,5
209,00000000000000700000000000000000,5,5,5,5
210,00000000000007000000000000000000,2,2,2,2
211,00000000000070000000000000000000,2,2,2,2
212,00000000000700000000000000000000,5,5,5,5
213,00000000007000000000000000000000,5,5,5,5
214,00000000070000000000000000000000,4,4,4,4
215,00000000700000000000000000000000,4,4,4,4
216,00000007000000000000000000000000,5,5,5,5
217,00000070000000000000000000000000,5,5,5,5
218,00000700000000000000000000000000,2,2,2,2
219,00007000000000000000000000000000,2,2,2,2
220,00070000000000000000000000000000,5,5,5,5
221,00700000000000000000000000000000,5,5,5,5
222,07000000000000000000000000000000,4,4,4,4
223,70000000000000000000000000000000,4,4,4,4
224,00000000000000000000000000000008,2,2,2,2
225,00000000000000000000000000000080,1,1,1,1
226,00000000000000000000000000000800,2,2,2,2
227,00000000000000000000000000008000,2,2,2,2
228,00000000000000000000000000080000,2,2,2,2
229,00000000000000000000000000800000,2,2,2,2
230,00000000000000000000000008000000,3,3,3,3
231,00000000000000000000000080000000,3,3,3,3
232,00000000000000000000000800000000,2,2,2,2
233,00000000000000000000008000000000,2,2,2,2
234,00000000000000000000080000000000,2,2,2,2
235,00000000000000000000800000000000,2,2,2,2
236,00000000000000000008000000000000,2,2,2,2
237,00000000000000000080000000000000,2,2,2,2
238,00000000000000000800000000000000,3,3,3,3
239,00000000000000008000000000000000,3,3,3,3
240,00000000000000080000000000000000,2,2,2,2
241,00000000000000800000000000000000,2,2,2,2
242,00000000000008000000000000000000,2,2,2,2
243,00000000000080000000000000000000,2,2,2,2
244,00000000000800000000000000000000,2,2,2,2
245,00000000008000000000000000000000,2,2,2,2
246,00000000080000000000000000000000,3,3,3,3
247,00000000800000000000000000000000,3,3,3,3
248,00000008000000000000000000000000,2,2,2,2
249,00000080000000000000000000000000,2,2,2,2
250,00000800000000000000000000000000,2,2,2,2
251,00008000000000000000000000000000,2,2,2,2
252,00080000000000000000000000000000,2,2,2,2
253,00800000000000000000000000000000,2,2,2,2
254,08000000000000000000000000000000,3,3,3,3
255,80000000000000000000000000000000,3,3,3,3
256,00000000000000000000000000000009,2,2,2,2
257,00000000000000000000000000000090,1,1,1,1
258,00000000000000000000000000000900,4,4,4,4
259,00000000000000000000000000009000,4,4,4,4
260,00000000000000000000000000090000,4,4,4,4
261,00000000000000000000000000900000,4,4,4,4
262,00000000000000000000000009000000,5,5,5,5
263,00000000000000000000000090000000,5,5,5,5
264,00000000000000000000000900000000,2,2,2,2
265,00000000000000000000009000000000,2,2,2,2
266,00000000000000000000090000000000,4,4,4,4
267,00000000000000000000900000000000,4,4,4,4
268,00000000000000000009000000000000,4,4,4,4
269,00000000000000000090000000000000,4,4,4,4
270,00000000000000000900000000000000,5,5,5,5
271,00000000000000009000000000000000,5,5,5,5
272,00000000000000090000000000000000,2,2,2,2
273,00000000000000900000000000000000,2,2,2,2
274,00000000000009000000000000000000,4,4,4,4
275,00000000000090000000000000000000,4,4,4,4
276,00000000000900000000000000000000,4,4,4,4
277,00000000009000000000000000000000,4,4,4,4
278,00000000090000000000000000000000,5,5,5,5
279,00000000900000000000000000000000,5,5,5,5
280,00000009000000000000000000000000,2,2,2,2
281,00000090000000000000000000000000,2,2,2,2
282,00000900000000000000000000000000,4,4,4,4
283,00009000000000000000000000000000,4,4,4,4
284,00090000000000000000000000000000,4,4,4,4
285,00900000000000000000000000000000,4,4,4,4
286,09000000000000000000000000000000,5,5,5,5
287,90000000000000000000000000000000,5,5,5,5
288,0000000000000000000000000000000a,3,3,3,3
289,000000000000000000000000000000a0,3,3,3,3
290,00000000000000000000000000000a00,5,5,5,5
291,0000000000000000000000000000a000,5,5,5,5
292,000000000000000000000000000a0000,4,4,4,4
293,00000000000000000000000000a00000,4,4,4,4
294,0000000000000000000000000a000000,2,2,2,2
295,000000000000000000000000a0000000,2,2,2,2
296,00000000000000000000000a00000000,4,4,4,4
297,0000000000000000000000a000000000,4,4,4,4
298,000000000000000000000a0000000000,5,5,5,5
299,00000000000000000000a00000000000,5,5,5,5
300,0000000000000000000a000000000000,4,4,4,4
301,000000000000000000a0000000000000,4,4,4,4
302,00000000000000000a00000000000000,2,2,2,2
303,0000000000000000a000000000000000,2,2,2,2
304,000000000000000a0000000000000000,4,4,4,4
305,00000000000000a00000000000000000,4,4,4,4
306,0000000000000a000000000000000000,5,5,5,5
307,000000000000a0000000000000000000,5,5,5,5
308,00000000000a00000000000000000000,4,4,4,4
309,0000000000a000000000000000000000,4,4,4,4
310,000000000a0000000000000000000000,2,2,2,2
311,00000000a00000000000000000000000,2,2,2,2
312,0000000a000000000000000000000000,4,4,4,4
313,000000a0000000000000000000000000,4,4,4,4
314,00000a00000000000000000000000000,5,5,5,5
315,0000a000000000000000000000000000,5,5,5,5
316,000a0000000000000000000000000000,4,4,4,4
317,00a00000000000000000000000000000,4,4,4,4
318,0a000000000000000000000000000000,2,2,2,2
319,a0000000000000000000000000000000,2,2,2,2
320,0000000000000000000000000000000b,3,3,3,3
321,000000000000000000000000000000b0,3,3,3,3
322,00000000000000000000000000000b00,4,4,4,4
323,0000000000000000000000000000b000,4,4,4,4
324,000000000000000000000000000b0000,4,4,4,4
325,00000000000000000000000000b00000,4,4,4,4
326,0000000000000000000000000b000000,4,4,4,4
327,000000000000000000000000b0000000,4,4,4,4
328,00000000000000000000000b00000000,4,4,4,4
329,0000000000000000000000b000000000,4,4,4,4
330,000000000000000000000b0000000000,4,4,4,4
331,00000000000000000000b00000000000,4,4,4,4
332,0000000000000000000b000000000000,4,4,4,4
333,000000000000000000b0000000000000,4,4,4,4
334,00000000000000000b00000000000000,4,4,4,4
335,0000000000000000b000000000000000,4,4,4,4
336,000000000000000b0000000000000000,4,4,4,4
337,00000000000000b00000000000000000,4,4,4,4
338,0000000000000b000000000000000000,4,4,4,4
339,000000000000b0000000000000000000,4,4,4,4
340,00000000000b00000000000000000000,4,4,4,4
341,0000000000b000000000000000000000,4,4,4,4
342,000000000b0000000000000000000000,4,4,4,4
343,00000000b00000000000000000000000,4,4,4,4
344,0000000b000000000000000000000000,4,4,4,4
345,000000b0000000000000000000000000,4,4,4,4
346,00000b00000000000000000000000000,4,4,4,4
347,0000b000000000000000000000000000,4,4,4,4
348,000b0000000000000000000000000000,4,4,4,4
349,00b00000000000000000000000000000,4,4,4,4
350,0b000000000000000000000000000000,4,4,4,4
351,b0000000000000000000000000000000,4,4,4,4
352,0000000000000000000000000000000c,3,3,3,3
353,000000000000000000000000000000c0,3,3,3,3
354,00000000000000000000000000000c00,4,4,4,4
355,0000000000000000000000000000c000,4,4,4,4
356,000000000000000000000000000c0000,2,2,2,2
357,00000000000000000000000000c00000,2,2,2,2
358,0000000000000000000000000c000000,5,5,5,5
359,000000000000000000000000c0000000,5,5,5,5
360,00000000000000000000000c00000000,4,4,4,4
361,0000000000000000000000c000000000,4,4,4,4
362,000000000000000000000c0000000000,4,4,4,4
363,00000000000000000000c00000000000,4,4,4,4
364,0000000000000000000c000000000000,2,2,2,2
365,000000000000000000c0000000000000,2,2,2,2
366,00000000000000000c00000000000000,5,5,5,5
367,0000000000000000c000000000000000,5,5,5,5
368,000000000000000c0000000000000000,4,4,4,4
369,00000000000000c00000000000000000,4,4,4,4
370,0000000000000c000000000000000000,4,4,4,4
371,000000000000c0000000000000000000,4,4,4,4
372,00000000000c00000000000000000000,2,2,2,2
373,0000000000c000000000000000000000,2,2,2,2
374,000000000c0000000000000000000000,5,5,5,5
375,00000000c00000000000000000000000,5,5,5,5
376,0000000c000000000000000000000000,4,4,4,4
377,000000c0000000000000000000000000,4,4,4,4
378,00000c00000000000000000000000000,4,4,4,4
379,0000c000000000000000000000000000,4,4,4,4
380,000c0000000000000000000000000000,2,2,2,2
381,00c00000000000000000000000000000,2,2,2,2
382,0c000000000000000000000000000000,5,5,5,5
383,c0000000000000000000000000000000,5,5,5,5
384,0000000000000000000000000000000d,3,3,3,3
385,000000000000000000000000000000d0,3,3,3,3
386,00000000000000000000000000000d00,4,4,4,4
387,0000000000000000000000000000d000,4,4,4,4
388,000000000000000000000000000d0000,4,4,4,4
389,00000000000000000000000000d00000,4,4,4,4
390,0000000000000000000000000d000000,5,5,5,5
391,000000000000000000000000d0000000,5,5,5,5
392,00000000000000000000000d00000000,4,4,4,4
393,0000000000000000000000d000000000,4,4,4,4
394,000000000000000000000d0000000000,4,4,4,4
395,00000000000000000000d00000000000,4,4,4,4
396,0000000000000000000d000000000000,4,4,4,4
397,000000000000000000d0000000000000,4,4,4,4
398,00000000000000000d00000000000000,5,5,5,5
399,0000000000000000d000000000000000,5,5,5,5
400,000000000000000d0000000000000000,4,4,4,4
401,00000000000000d00000000000000000,4,4,4,4
402,0000000000000d000000000000000000,4,4,4,4
403,000000000000d0000000000000000000,4,4,4,4
404,00000000000d00000000000000000000,4,4,4,4
405,0000000000d000000000000000000000,4,4,4,4
406,000000000d0000000000000000000000,5,5,5,5
407,00000000d00000000000000000000000,5,5,5,5
408,0000000d000000000000000000000000,4,4,4,4
409,000000d0000000000000000000000000,4,4,4,4
410,00000d00000000000000000000000000,4,4,4,4
411,0000d000000000000000000000000000,4,4,4,4
412,000d0000000000000000000000000000,4,4,4,4
413,00d00000000000000000000000000000,4,4,4,4
414,0d000000000000000000000000000000,5,5,5,5
415,d0000000000000000000000000000000,5,5,5,5
416,0000000000000000000000000000000e,3,3,3,3
417,000000000000000000000000000000e0,3,3,3,3
418,00000000000000000000000000000e00,4,4,4,4
419,0000000000000000000000000000e000,4,4,4,4
420,000000000000000000000000000e0000,4,4,4,4
421,00000000000000000000000000e00000,4,4,4,4
422,0000000000000000000000000e000000,4,4,4,4
423,000000000000000000000000e0000000,4,4,4,4
424,00000000000000000000000e00000000,4,4,4,4
425,0000000000000000000000e000000000,4,4,4,4
426,000000000000000000000e0000000000,4,4,4,4
427,00000000000000000000e00000000000,4,4,4,4
428,0000000000000000000e000000000000,4,4,4,4
429,000000000000000000e0000000000000,4,4,4,4
430,00000000000000000e00000000000000,4,4,4,4
431,0000000000000000e000000000000000,4,4,4,4
432,000000000000000e0000000000000000,4,4,4,4
433,00000000000000e00000000000000000,4,4,4,4
434,0000000000000e000000000000000000,4,4,4,4
435,000000000000e0000000000000000000,4,4,4,4
436,00000000000e00000000000000000000,4,4,4,4
437,0000000000e000000000000000000000,4,4,4,4
438,000000000e0000000000000000000000,4,4,4,4
439,00000000e00000000000000000000000,4,4,4,4
440,0000000e000000000000000000000000,4,4,4,4
441,000000e0000000000000000000000000,4,4,4,4
442,00000e00000000000000000000000000,4,4,4,4
443,0000e000000000000000000000000000,4,4,4,4
444,000e0000000000000000000000000000,4,4,4,4
445,00e00000000000000000000000000000,4,4,4,4
446,0e000000000000000000000000000000,4,4,4,4
447,e0000000000000000000000000000000,4,4,4,4
448,0000000000000000000000000000000f,3,3,3,3
449,000000000000000000000000000000f0,3,3,3,3
450,00000000000000000000000000000f00,4,4,4,4
451,0000000000000000000000000000f000,4,4,4,4
452,000000000000000000000000000f0000,4,4,4,4
453,00000000000000000000000000f00000,4,4,4,4
454,0000000000000000000000000f000000,4,4,4,4
455,000000000000000000000000f0000000,4,4,4,4
456,00000000000000000000000f00000000,4,4,4,4
457,0000000000000000000000f000000000,4,4,4,4
458,000000000000000000000f0000000000,4,4,4,4
459,00000000000000000000f00000000000,4,4,4,4
460,0000000000000000000f000000000000,4,4,4,4
461,000000000000000000f0000000000000,4,4,4,4
462,00000000000000000f00000000000000,4,4,4,4
463,0000000000000000f000000000000000,4,4,4,4
464,000000000000000f0000000000000000,4,4,4,4
465,00000000000000f00000000000000000,4,4,4,4
466,0000000000000f000000000000000000,4,4,4,4
467,000000000000f0000000000000000000,4,4,4,4
468,00000000000f00000000000000000000,4,4,4,4
469,0000000000f000000000000000000000,4,4,4,4
470,000000000f0000000000000000000000,4,4,4,4
471,00000000f00000000000000000000000,4,4,4,4
472,0000000f000000000000000000000000,4,4,4,4
473,000000f0000000000000000000000000,4,4,4,4
474,00000f00000000000000000000000000,4,4,4,4
475,0000f000000000000000000000000000,4,4,4,4
476,000f0000000000000000000000000000,4,4,4,4
477,00f00000000000000000000000000000,4,4,4,4
478,0f000000000000000000000000000000,4,4,4,4
479,f0000000000000000000000000000000,4,4,4,4
