,Input_diff,Round0,Round1,Round2,Round3
0,00000000000000000000000000000001,29,29,28,30
1,00000000000000000000000000000010,29,29,27,30
2,00000000000000000000000000000100,29,27,27,27
3,00000000000000000000000000001000,28,28,28,28
4,00000000000000000000000000010000,26,27,28,27
5,00000000000000000000000000100000,27,27,28,26
6,00000000000000000000000001000000,28,28,28,28
7,00000000000000000000000010000000,28,28,27,28
8,00000000000000000000000100000000,30,30,29,30
9,00000000000000000000001000000000,30,30,29,30
10,00000000000000000000010000000000,28,28,28,28
11,00000000000000000000100000000000,28,28,28,27
12,00000000000000000001000000000000,29,26,28,28
13,00000000000000000010000000000000,28,27,29,28
14,00000000000000000100000000000000,28,27,27,27
15,00000000000000001000000000000000,28,28,27,27
16,00000000000000010000000000000000,29,28,28,28
17,00000000000000100000000000000000,28,28,28,28
18,00000000000001000000000000000000,27,27,29,28
19,00000000000010000000000000000000,27,27,29,27
20,00000000000100000000000000000000,28,28,26,29
21,00000000001000000000000000000000,28,28,27,29
22,00000000010000000000000000000000,29,27,27,28
23,00000000100000000000000000000000,29,27,27,27
24,00000001000000000000000000000000,30,28,31,28
25,00000010000000000000000000000000,30,28,31,29
26,00000100000000000000000000000000,28,28,27,27
27,00001000000000000000000000000000,28,28,28,27
28,00010000000000000000000000000000,28,29,29,29
29,00100000000000000000000000000000,28,29,29,29
30,01000000000000000000000000000000,27,28,27,27
31,10000000000000000000000000000000,28,28,27,28
32,00000000000000000000000000000002,28,27,27,28
33,00000000000000000000000000000020,28,27,28,28
34,00000000000000000000000000000200,29,28,27,27
35,00000000000000000000000000002000,29,29,28,28
36,00000000000000000000000000020000,27,28,29,28
37,00000000000000000000000000200000,28,28,29,27
38,00000000000000000000000002000000,27,27,26,29
39,00000000000000000000000020000000,27,27,27,29
40,00000000000000000000000200000000,28,27,27,26
41,00000000000000000000002000000000,28,27,26,27
42,00000000000000000000020000000000,29,30,30,28
43,00000000000000000000200000000000,29,30,30,27
44,00000000000000000002000000000000,28,27,28,29
45,00000000000000000020000000000000,29,28,27,29
46,00000000000000000200000000000000,27,27,29,29
47,00000000000000002000000000000000,27,26,29,29
48,00000000000000020000000000000000,26,28,28,28
49,00000000000000200000000000000000,27,28,28,28
50,00000000000002000000000000000000,29,27,29,29
51,00000000000020000000000000000000,29,27,29,30
52,00000000000200000000000000000000,29,26,27,28
53,00000000002000000000000000000000,29,27,28,28
54,00000000020000000000000000000000,28,29,26,26
55,00000000200000000000000000000000,28,28,26,27
56,00000002000000000000000000000000,28,28,28,29
57,00000020000000000000000000000000,28,28,28,28
58,00000200000000000000000000000000,29,28,28,30
59,00002000000000000000000000000000,29,28,29,30
60,00020000000000000000000000000000,28,26,27,27
61,00200000000000000000000000000000,28,26,26,26
62,02000000000000000000000000000000,27,28,29,27
63,20000000000000000000000000000000,26,28,29,26
64,00000000000000000000000000000003,33,36,38,37
65,00000000000000000000000000000030,34,36,37,37
66,00000000000000000000000000000300,29,27,29,28
67,00000000000000000000000000003000,28,28,30,28
68,00000000000000000000000000030000,28,28,29,28
69,00000000000000000000000000300000,28,28,29,27
70,00000000000000000000000003000000,38,31,35,33
71,00000000000000000000000030000000,38,31,35,33
72,00000000000000000000000300000000,34,38,35,40
73,00000000000000000000003000000000,34,38,35,39
74,00000000000000000000030000000000,28,28,28,29
75,00000000000000000000300000000000,28,28,28,29
76,00000000000000000003000000000000,29,27,29,29
77,00000000000000000030000000000000,28,28,28,29
78,00000000000000000300000000000000,35,35,36,33
79,00000000000000003000000000000000,35,35,36,33
80,00000000000000030000000000000000,34,35,35,33
81,00000000000000300000000000000000,34,35,35,33
82,00000000000003000000000000000000,27,29,29,28
83,00000000000030000000000000000000,27,29,29,27
84,00000000000300000000000000000000,29,27,27,29
85,00000000003000000000000000000000,29,28,28,29
86,00000000030000000000000000000000,33,33,34,38
87,00000000300000000000000000000000,34,32,34,38
88,00000003000000000000000000000000,39,37,35,31
89,00000030000000000000000000000000,39,37,35,32
90,00000300000000000000000000000000,28,28,27,27
91,00003000000000000000000000000000,28,28,28,27
92,00030000000000000000000000000000,29,28,28,28
93,00300000000000000000000000000000,29,28,27,27
94,03000000000000000000000000000000,34,34,33,34
95,30000000000000000000000000000000,33,34,33,33
96,00000000000000000000000000000004,28,30,26,29
97,00000000000000000000000000000040,28,30,27,29
98,00000000000000000000000000000400,29,27,27,27
99,00000000000000000000000000004000,28,28,28,28
100,00000000000000000000000000040000,28,28,29,27
101,00000000000000000000000000400000,27,28,29,28
102,00000000000000000000000004000000,28,28,28,28
103,00000000000000000000000040000000,28,28,27,28
104,00000000000000000000000400000000,29,29,28,29
105,00000000000000000000004000000000,29,29,28,29
106,00000000000000000000040000000000,28,28,28,28
107,00000000000000000000400000000000,28,28,28,27
108,00000000000000000004000000000000,29,28,30,29
109,00000000000000000040000000000000,30,27,29,29
110,00000000000000000400000000000000,28,27,27,27
111,00000000000000004000000000000000,28,28,27,27
112,00000000000000040000000000000000,27,27,27,27
113,00000000000000400000000000000000,28,27,27,27
114,00000000000004000000000000000000,27,27,29,28
115,00000000000040000000000000000000,27,27,29,27
116,00000000000400000000000000000000,29,29,28,30
117,00000000004000000000000000000000,29,29,27,30
118,00000000040000000000000000000000,29,27,27,28
119,00000000400000000000000000000000,29,27,27,27
120,00000004000000000000000000000000,29,27,30,28
121,00000040000000000000000000000000,29,27,30,27
122,00000400000000000000000000000000,28,28,27,27
123,00004000000000000000000000000000,28,28,28,27
124,00040000000000000000000000000000,29,30,28,28
125,00400000000000000000000000000000,29,30,29,29
126,04000000000000000000000000000000,27,28,27,27
127,40000000000000000000000000000000,28,28,27,28
128,00000000000000000000000000000005,38,42,42,43
129,00000000000000000000000000000050,38,42,42,43
130,00000000000000000000000000000500,29,29,27,27
131,00000000000000000000000000005000,29,30,28,28
132,00000000000000000000000000050000,40,45,41,44
133,00000000000000000000000000500000,40,45,41,44
134,00000000000000000000000005000000,28,28,28,30
135,00000000000000000000000050000000,28,28,27,30
136,00000000000000000000000500000000,45,47,40,42
137,00000000000000000000005000000000,45,47,40,42
138,00000000000000000000050000000000,29,30,30,28
139,00000000000000000000500000000000,29,30,30,27
140,00000000000000000005000000000000,39,42,43,41
141,00000000000000000050000000000000,39,42,43,41
142,00000000000000000500000000000000,28,27,30,30
143,00000000000000005000000000000000,28,28,30,30
144,00000000000000050000000000000000,43,43,45,40
145,00000000000000500000000000000000,43,43,45,40
146,00000000000005000000000000000000,29,27,29,29
147,00000000000050000000000000000000,29,27,29,30
148,00000000000500000000000000000000,44,40,44,44
149,00000000005000000000000000000000,44,40,44,44
150,00000000050000000000000000000000,29,29,27,28
151,00000000500000000000000000000000,29,30,27,27
152,00000005000000000000000000000000,43,40,43,40
153,00000050000000000000000000000000,43,40,43,40
154,00000500000000000000000000000000,29,28,29,30
155,00005000000000000000000000000000,29,28,30,30
156,00050000000000000000000000000000,44,42,41,41
157,00500000000000000000000000000000,44,42,41,41
158,05000000000000000000000000000000,27,29,30,27
159,50000000000000000000000000000000,28,29,30,28
160,00000000000000000000000000000006,29,28,27,29
161,00000000000000000000000000000060,29,28,28,29
162,00000000000000000000000000000600,29,27,29,28
163,00000000000000000000000000006000,28,28,30,28
164,00000000000000000000000000060000,37,38,32,34
165,00000000000000000000000000600000,36,38,32,35
166,00000000000000000000000006000000,38,31,35,33
167,00000000000000000000000060000000,38,31,35,33
168,00000000000000000000000600000000,28,28,27,29
169,00000000000000000000006000000000,28,28,28,28
170,00000000000000000000060000000000,28,28,28,29
171,00000000000000000000600000000000,28,28,28,28
172,00000000000000000006000000000000,35,34,37,32
173,00000000000000000060000000000000,36,34,36,32
174,00000000000000000600000000000000,35,35,36,33
175,00000000000000006000000000000000,35,35,36,33
176,00000000000000060000000000000000,28,28,28,29
177,00000000000000600000000000000000,29,28,28,29
178,00000000000006000000000000000000,27,29,29,28
179,00000000000060000000000000000000,27,29,29,27
180,00000000000600000000000000000000,37,35,35,37
181,00000000006000000000000000000000,37,36,34,37
182,00000000060000000000000000000000,33,33,34,38
183,00000000600000000000000000000000,34,32,34,38
184,00000006000000000000000000000000,30,29,28,29
185,00000060000000000000000000000000,30,29,28,28
186,00000600000000000000000000000000,28,28,27,27
187,00006000000000000000000000000000,28,28,28,27
188,00060000000000000000000000000000,32,39,35,35
189,00600000000000000000000000000000,32,39,36,36
190,06000000000000000000000000000000,34,34,33,34
191,60000000000000000000000000000000,33,34,33,33
192,00000000000000000000000000000007,35,36,38,37
193,00000000000000000000000000000070,35,36,37,37
194,00000000000000000000000000000700,34,28,31,27
195,00000000000000000000000000007000,33,29,32,28
196,00000000000000000000000000070000,39,38,32,34
197,00000000000000000000000000700000,38,38,32,35
198,00000000000000000000000007000000,38,31,41,42
199,00000000000000000000000070000000,38,31,41,42
200,00000000000000000000000700000000,34,38,35,40
201,00000000000000000000007000000000,34,38,36,39
202,00000000000000000000070000000000,32,34,34,29
203,00000000000000000000700000000000,32,34,34,28
204,00000000000000000007000000000000,35,34,40,32
205,00000000000000000070000000000000,36,34,39,32
206,00000000000000000700000000000000,39,41,40,43
207,00000000000000007000000000000000,39,41,40,43
208,00000000000000070000000000000000,34,35,35,37
209,00000000000000700000000000000000,34,35,35,37
210,00000000000007000000000000000000,32,31,31,34
211,00000000000070000000000000000000,32,31,31,33
212,00000000000700000000000000000000,37,35,35,40
213,00000000007000000000000000000000,37,36,34,40
214,00000000070000000000000000000000,37,41,34,38
215,00000000700000000000000000000000,37,41,34,38
216,00000007000000000000000000000000,39,39,35,31
217,00000070000000000000000000000000,39,39,35,32
218,00000700000000000000000000000000,30,30,28,32
219,00007000000000000000000000000000,30,31,29,32
220,00070000000000000000000000000000,32,39,35,35
221,00700000000000000000000000000000,32,39,36,36
222,07000000000000000000000000000000,40,42,43,37
223,70000000000000000000000000000000,40,42,43,37
224,00000000000000000000000000000008,28,27,28,28
225,00000000000000000000000000000080,28,27,27,28
226,00000000000000000000000000000800,28,29,27,27
227,00000000000000000000000000008000,28,28,26,26
228,00000000000000000000000000080000,28,28,29,27
229,00000000000000000000000000800000,27,28,29,28
230,00000000000000000000000008000000,28,28,27,30
231,00000000000000000000000080000000,28,28,28,30
232,00000000000000000000000800000000,28,27,26,27
233,00000000000000000000008000000000,28,27,27,26
234,00000000000000000000080000000000,28,29,29,26
235,00000000000000000000800000000000,28,29,29,27
236,00000000000000000008000000000000,29,28,27,29
237,00000000000000000080000000000000,28,27,28,29
238,00000000000000000800000000000000,28,28,30,30
239,00000000000000008000000000000000,28,27,30,30
240,00000000000000080000000000000000,27,28,28,28
241,00000000000000800000000000000000,26,28,28,28
242,00000000000008000000000000000000,28,26,28,29
243,00000000000080000000000000000000,28,26,28,28
244,00000000000800000000000000000000,29,27,28,28
245,00000000008000000000000000000000,29,26,27,28
246,00000000080000000000000000000000,29,30,27,27
247,00000000800000000000000000000000,29,29,27,28
248,00000008000000000000000000000000,28,28,28,28
249,00000080000000000000000000000000,28,28,28,29
250,00000800000000000000000000000000,28,27,29,29
251,00008000000000000000000000000000,28,27,28,29
252,00080000000000000000000000000000,28,26,26,26
253,00800000000000000000000000000000,28,26,27,27
254,08000000000000000000000000000000,28,29,30,28
255,80000000000000000000000000000000,27,29,30,27
256,00000000000000000000000000000009,28,27,29,28
257,00000000000000000000000000000090,28,27,28,28
258,00000000000000000000000000000900,34,38,36,34
259,00000000000000000000000000009000,33,37,37,34
260,00000000000000000000000000090000,35,37,31,34
261,00000000000000000000000000900000,36,37,31,33
262,00000000000000000000000009000000,39,32,36,34
263,00000000000000000000000090000000,39,32,36,34
264,00000000000000000000000900000000,28,27,26,27
265,00000000000000000000009000000000,28,27,27,26
266,00000000000000000000090000000000,36,33,33,37
267,00000000000000000000900000000000,36,33,33,37
268,00000000000000000009000000000000,35,33,35,31
269,00000000000000000090000000000000,34,33,36,31
270,00000000000000000900000000000000,36,36,37,34
271,00000000000000009000000000000000,36,36,37,34
272,00000000000000090000000000000000,27,29,29,29
273,00000000000000900000000000000000,26,29,29,29
274,00000000000009000000000000000000,39,37,38,33
275,00000000000090000000000000000000,39,36,38,32
276,00000000000900000000000000000000,36,35,33,36
277,00000000009000000000000000000000,36,34,34,36
278,00000000090000000000000000000000,34,34,35,39
279,00000000900000000000000000000000,35,33,35,39
280,00000009000000000000000000000000,28,30,28,29
281,00000090000000000000000000000000,28,30,28,30
282,00000900000000000000000000000000,38,38,38,37
283,00009000000000000000000000000000,37,37,37,37
284,00090000000000000000000000000000,31,38,35,35
285,00900000000000000000000000000000,31,38,34,34
286,09000000000000000000000000000000,35,35,34,35
287,90000000000000000000000000000000,34,35,34,34
288,0000000000000000000000000000000a,33,36,37,37
289,000000000000000000000000000000a0,33,36,37,37
290,00000000000000000000000000000a00,36,41,37,34
291,0000000000000000000000000000a000,36,41,37,34
292,000000000000000000000000000a0000,36,38,32,34
293,00000000000000000000000000a00000,36,38,32,34
294,0000000000000000000000000a000000,42,45,36,38
295,000000000000000000000000a0000000,42,45,36,38
296,00000000000000000000000a00000000,34,38,35,39
297,0000000000000000000000a000000000,34,38,35,39
298,000000000000000000000a0000000000,41,40,40,41
299,00000000000000000000a00000000000,41,40,40,41
300,0000000000000000000a000000000000,35,34,36,32
301,000000000000000000a0000000000000,35,34,36,32
302,00000000000000000a00000000000000,35,36,39,36
303,0000000000000000a000000000000000,35,36,39,36
304,000000000000000a0000000000000000,34,35,35,33
305,00000000000000a00000000000000000,34,35,35,33
306,0000000000000a000000000000000000,39,37,39,39
307,000000000000a0000000000000000000,39,37,39,39
308,00000000000a00000000000000000000,37,35,34,37
309,0000000000a000000000000000000000,37,35,34,37
310,000000000a0000000000000000000000,40,38,43,38
311,00000000a00000000000000000000000,41,37,43,38
312,0000000a000000000000000000000000,39,37,35,31
313,000000a0000000000000000000000000,39,37,35,31
314,00000a00000000000000000000000000,39,38,41,42
315,0000a000000000000000000000000000,39,38,41,42
316,000a0000000000000000000000000000,32,39,35,35
317,00a00000000000000000000000000000,32,39,35,35
318,0a000000000000000000000000000000,33,35,36,37
319,a0000000000000000000000000000000,33,35,36,36
320,0000000000000000000000000000000b,34,36,37,37
321,000000000000000000000000000000b0,33,36,38,37
322,00000000000000000000000000000b00,34,38,36,39
323,0000000000000000000000000000b000,33,37,37,39
324,000000000000000000000000000b0000,38,38,32,34
325,00000000000000000000000000b00000,38,38,32,35
326,0000000000000000000000000b000000,47,46,42,40
327,000000000000000000000000b0000000,47,46,42,40
328,00000000000000000000000b00000000,34,38,35,39
329,0000000000000000000000b000000000,34,38,35,39
330,000000000000000000000b0000000000,36,33,33,37
331,00000000000000000000b00000000000,36,33,33,37
332,0000000000000000000b000000000000,35,34,39,32
333,000000000000000000b0000000000000,35,34,39,32
334,00000000000000000b00000000000000,40,42,46,43
335,0000000000000000b000000000000000,40,42,46,43
336,000000000000000b0000000000000000,34,35,35,33
337,00000000000000b00000000000000000,34,35,35,33
338,0000000000000b000000000000000000,40,37,38,33
339,000000000000b0000000000000000000,40,36,38,32
340,00000000000b00000000000000000000,37,35,35,40
341,0000000000b000000000000000000000,37,35,34,40
342,000000000b0000000000000000000000,41,40,41,42
343,00000000b00000000000000000000000,42,39,41,42
344,0000000b000000000000000000000000,39,37,35,32
345,000000b0000000000000000000000000,39,37,35,31
346,00000b00000000000000000000000000,38,38,38,37
347,0000b000000000000000000000000000,37,37,37,37
348,000b0000000000000000000000000000,32,39,35,35
349,00b00000000000000000000000000000,32,39,35,35
350,0b000000000000000000000000000000,41,40,43,40
351,b0000000000000000000000000000000,41,40,43,39
352,0000000000000000000000000000000c,33,35,36,36
353,000000000000000000000000000000c0,32,35,37,36
354,00000000000000000000000000000c00,34,38,36,34
355,0000000000000000000000000000c000,33,37,37,34
356,000000000000000000000000000c0000,28,30,30,29
357,00000000000000000000000000c00000,29,30,30,28
358,0000000000000000000000000c000000,39,32,36,34
359,000000000000000000000000c0000000,39,32,36,34
360,00000000000000000000000c00000000,33,37,34,38
361,0000000000000000000000c000000000,33,37,34,39
362,000000000000000000000c0000000000,36,33,33,37
363,00000000000000000000c00000000000,36,33,33,37
364,0000000000000000000c000000000000,29,29,27,30
365,000000000000000000c0000000000000,28,28,28,30
366,00000000000000000c00000000000000,36,36,37,34
367,0000000000000000c000000000000000,36,36,37,34
368,000000000000000c0000000000000000,33,34,34,32
369,00000000000000c00000000000000000,33,34,34,32
370,0000000000000c000000000000000000,39,37,38,33
371,000000000000c0000000000000000000,39,36,38,32
372,00000000000c00000000000000000000,29,27,29,28
373,0000000000c000000000000000000000,29,26,28,28
374,000000000c0000000000000000000000,34,34,35,39
375,00000000c00000000000000000000000,35,33,35,39
376,0000000c000000000000000000000000,38,36,34,31
377,000000c0000000000000000000000000,38,36,34,30
378,00000c00000000000000000000000000,38,38,38,37
379,0000c000000000000000000000000000,37,37,37,37
380,000c0000000000000000000000000000,28,26,26,26
381,00c00000000000000000000000000000,28,26,27,27
382,0c000000000000000000000000000000,35,35,34,35
383,c0000000000000000000000000000000,34,35,34,34
384,0000000000000000000000000000000d,33,35,36,36
385,000000000000000000000000000000d0,32,35,37,36
386,00000000000000000000000000000d00,36,41,37,34
387,0000000000000000000000000000d000,36,41,37,34
388,000000000000000000000000000d0000,35,37,31,34
389,00000000000000000000000000d00000,36,37,31,33
390,0000000000000000000000000d000000,39,32,42,43
391,000000000000000000000000d0000000,39,32,42,43
392,00000000000000000000000d00000000,33,37,34,38
393,0000000000000000000000d000000000,33,37,34,39
394,000000000000000000000d0000000000,43,40,40,42
395,00000000000000000000d00000000000,43,40,40,42
396,0000000000000000000d000000000000,35,33,35,31
397,000000000000000000d0000000000000,34,33,36,31
398,00000000000000000d00000000000000,40,42,41,43
399,0000000000000000d000000000000000,40,42,41,43
400,000000000000000d0000000000000000,33,34,34,32
401,00000000000000d00000000000000000,33,34,34,32
402,0000000000000d000000000000000000,39,37,39,39
403,000000000000d0000000000000000000,39,37,39,39
404,00000000000d00000000000000000000,36,35,33,36
405,0000000000d000000000000000000000,36,34,34,36
406,000000000d0000000000000000000000,38,42,35,39
407,00000000d00000000000000000000000,38,42,35,39
408,0000000d000000000000000000000000,38,36,34,31
409,000000d0000000000000000000000000,38,36,34,30
410,00000d00000000000000000000000000,39,38,41,43
411,0000d000000000000000000000000000,39,38,41,43
412,000d0000000000000000000000000000,31,38,35,35
413,00d00000000000000000000000000000,31,38,34,34
414,0d000000000000000000000000000000,41,43,43,38
415,d0000000000000000000000000000000,41,43,43,38
416,0000000000000000000000000000000e,35,36,37,37
417,000000000000000000000000000000e0,35,36,37,37
418,00000000000000000000000000000e00,34,38,36,39
419,0000000000000000000000000000e000,33,37,37,39
420,000000000000000000000000000e0000,36,38,32,35
421,00000000000000000000000000e00000,37,38,32,34
422,0000000000000000000000000e000000,47,46,42,40
423,000000000000000000000000e0000000,47,46,42,40
424,00000000000000000000000e00000000,34,38,35,39
425,0000000000000000000000e000000000,34,38,35,39
426,000000000000000000000e0000000000,36,33,33,37
427,00000000000000000000e00000000000,36,33,33,37
428,0000000000000000000e000000000000,36,34,36,32
429,000000000000000000e0000000000000,35,34,37,32
430,00000000000000000e00000000000000,40,42,46,43
431,0000000000000000e000000000000000,40,42,46,43
432,000000000000000e0000000000000000,34,35,35,37
433,00000000000000e00000000000000000,34,35,35,37
434,0000000000000e000000000000000000,40,37,38,33
435,000000000000e0000000000000000000,40,36,38,32
436,00000000000e00000000000000000000,37,36,34,37
437,0000000000e000000000000000000000,37,35,35,37
438,000000000e0000000000000000000000,41,40,41,42
439,00000000e00000000000000000000000,42,39,41,42
440,0000000e000000000000000000000000,39,39,35,31
441,000000e0000000000000000000000000,39,39,35,31
442,00000e00000000000000000000000000,38,38,38,37
443,0000e000000000000000000000000000,37,37,37,37
444,000e0000000000000000000000000000,32,39,36,36
445,00e00000000000000000000000000000,32,39,35,35
446,0e000000000000000000000000000000,41,40,43,40
447,e0000000000000000000000000000000,41,40,43,39
448,0000000000000000000000000000000f,35,36,37,37
449,000000000000000000000000000000f0,35,36,38,37
450,00000000000000000000000000000f00,41,41,39,42
451,0000000000000000000000000000f000,40,42,40,42
452,000000000000000000000000000f0000,38,38,32,38
453,00000000000000000000000000f00000,39,38,32,37
454,0000000000000000000000000f000000,49,46,46,45
455,000000000000000000000000f0000000,49,46,46,45
456,00000000000000000000000f00000000,34,39,36,39
457,0000000000000000000000f000000000,34,39,35,39
458,000000000000000000000f0000000000,41,41,41,41
459,00000000000000000000f00000000000,41,41,41,41
460,0000000000000000000f000000000000,36,34,39,32
461,000000000000000000f0000000000000,35,34,40,32
462,00000000000000000f00000000000000,47,46,45,47
463,0000000000000000f000000000000000,47,46,45,47
464,000000000000000f0000000000000000,37,35,38,37
465,00000000000000f00000000000000000,37,35,38,37
466,0000000000000f000000000000000000,43,39,43,41
467,000000000000f0000000000000000000,43,39,43,40
468,00000000000f00000000000000000000,38,36,37,40
469,0000000000f000000000000000000000,38,35,37,40
470,000000000f0000000000000000000000,43,44,45,47
471,00000000f00000000000000000000000,43,44,45,47
472,0000000f000000000000000000000000,39,39,35,32
473,000000f0000000000000000000000000,39,39,35,31
474,00000f00000000000000000000000000,39,42,41,42
475,0000f000000000000000000000000000,39,42,42,42
476,000f0000000000000000000000000000,32,39,36,36
477,00f00000000000000000000000000000,32,39,35,35
478,0f000000000000000000000000000000,45,44,47,46
479,f0000000000000000000000000000000,45,44,47,46
