,Input_diff,Round0,Round1,Round2,Round3
0,00000000000000000000000000000001,46,45,47,45
1,00000000000000000000000000000010,46,45,47,46
2,00000000000000000000000000000100,46,46,46,43
3,00000000000000000000000000001000,46,46,47,44
4,00000000000000000000000000010000,44,48,46,43
5,00000000000000000000000000100000,44,48,46,42
6,00000000000000000000000001000000,45,45,46,46
7,00000000000000000000000010000000,46,45,46,46
8,00000000000000000000000100000000,50,45,47,48
9,00000000000000000000001000000000,50,46,46,48
10,00000000000000000000010000000000,45,48,45,45
11,00000000000000000000100000000000,45,47,46,45
12,00000000000000000001000000000000,46,45,44,45
13,00000000000000000010000000000000,46,46,45,44
14,00000000000000000100000000000000,47,45,47,45
15,00000000000000001000000000000000,46,46,47,45
16,00000000000000010000000000000000,51,46,45,49
17,00000000000000100000000000000000,51,46,45,49
18,00000000000001000000000000000000,45,46,44,45
19,00000000000010000000000000000000,46,45,45,44
20,00000000000100000000000000000000,48,45,48,45
21,00000000001000000000000000000000,48,45,48,45
22,00000000010000000000000000000000,46,46,46,45
23,00000000100000000000000000000000,47,46,46,45
24,00000001000000000000000000000000,47,45,47,47
25,00000010000000000000000000000000,47,45,47,47
26,00000100000000000000000000000000,49,46,45,45
27,00001000000000000000000000000000,49,46,44,45
28,00010000000000000000000000000000,45,47,46,45
29,00100000000000000000000000000000,45,47,46,45
30,01000000000000000000000000000000,45,45,44,46
31,10000000000000000000000000000000,45,45,44,45
32,00000000000000000000000000000002,46,45,46,46
33,00000000000000000000000000000020,46,44,46,45
34,00000000000000000000000000000200,47,46,46,45
35,00000000000000000000000000002000,47,46,47,46
36,00000000000000000000000000020000,45,46,47,44
37,00000000000000000000000000200000,45,46,47,43
38,00000000000000000000000002000000,45,47,46,47
39,00000000000000000000000020000000,44,47,46,48
40,00000000000000000000000200000000,45,45,45,45
41,00000000000000000000002000000000,45,44,46,45
42,00000000000000000000020000000000,45,48,45,45
43,00000000000000000000200000000000,45,49,46,45
44,00000000000000000002000000000000,46,46,45,45
45,00000000000000000020000000000000,46,45,46,44
46,00000000000000000200000000000000,45,45,49,45
47,00000000000000002000000000000000,46,46,48,45
48,00000000000000020000000000000000,45,46,45,47
49,00000000000000200000000000000000,45,46,45,47
50,00000000000002000000000000000000,47,46,48,45
51,00000000000020000000000000000000,46,45,47,44
52,00000000000200000000000000000000,45,45,48,45
53,00000000002000000000000000000000,45,45,48,45
54,00000000020000000000000000000000,46,47,45,44
55,00000000200000000000000000000000,45,47,45,44
56,00000002000000000000000000000000,44,45,47,47
57,00000020000000000000000000000000,45,45,47,47
58,00000200000000000000000000000000,49,47,46,46
59,00002000000000000000000000000000,49,47,47,46
60,00020000000000000000000000000000,45,47,44,46
61,00200000000000000000000000000000,45,47,44,46
62,02000000000000000000000000000000,44,44,45,45
63,20000000000000000000000000000000,44,45,45,46
64,00000000000000000000000000000003,56,57,61,61
65,00000000000000000000000000000030,56,57,61,61
66,00000000000000000000000000000300,46,46,47,43
67,00000000000000000000000000003000,46,46,48,44
68,00000000000000000000000000030000,45,48,47,44
69,00000000000000000000000000300000,45,48,47,43
70,00000000000000000000000003000000,64,60,63,54
71,00000000000000000000000030000000,64,60,62,55
72,00000000000000000000000300000000,52,66,57,65
73,00000000000000000000003000000000,52,65,57,65
74,00000000000000000000030000000000,46,48,47,46
75,00000000000000000000300000000000,46,47,46,46
76,00000000000000000003000000000000,47,46,48,45
77,00000000000000000030000000000000,47,45,47,44
78,00000000000000000300000000000000,58,62,62,58
79,00000000000000003000000000000000,58,61,61,58
80,00000000000000030000000000000000,60,57,57,55
81,00000000000000300000000000000000,60,57,57,56
82,00000000000003000000000000000000,45,46,44,47
83,00000000000030000000000000000000,46,45,45,46
84,00000000000300000000000000000000,46,46,48,46
85,00000000003000000000000000000000,46,46,48,46
86,00000000030000000000000000000000,56,54,61,59
87,00000000300000000000000000000000,57,54,61,59
88,00000003000000000000000000000000,61,63,54,60
89,00000030000000000000000000000000,60,63,54,60
90,00000300000000000000000000000000,52,46,45,45
91,00003000000000000000000000000000,52,46,44,45
92,00030000000000000000000000000000,46,47,46,47
93,00300000000000000000000000000000,46,47,46,47
94,03000000000000000000000000000000,59,58,55,58
95,30000000000000000000000000000000,60,57,55,59
96,00000000000000000000000000000004,45,44,46,45
97,00000000000000000000000000000040,45,44,46,44
98,00000000000000000000000000000400,46,46,46,43
99,00000000000000000000000000004000,46,46,47,44
100,00000000000000000000000000040000,45,49,47,43
101,00000000000000000000000000400000,45,49,47,44
102,00000000000000000000000004000000,45,45,46,46
103,00000000000000000000000040000000,46,45,46,46
104,00000000000000000000000400000000,49,45,45,47
105,00000000000000000000004000000000,49,44,46,47
106,00000000000000000000040000000000,45,48,45,45
107,00000000000000000000400000000000,45,47,46,45
108,00000000000000000004000000000000,47,47,46,45
109,00000000000000000040000000000000,47,46,45,46
110,00000000000000000400000000000000,47,45,47,45
111,00000000000000004000000000000000,46,46,47,45
112,00000000000000040000000000000000,50,45,44,48
113,00000000000000400000000000000000,50,45,44,48
114,00000000000004000000000000000000,45,46,44,45
115,00000000000040000000000000000000,46,45,45,44
116,00000000000400000000000000000000,49,46,49,46
117,00000000004000000000000000000000,49,46,49,46
118,00000000040000000000000000000000,46,46,46,45
119,00000000400000000000000000000000,47,46,46,45
120,00000004000000000000000000000000,46,44,46,46
121,00000040000000000000000000000000,46,44,46,46
122,00000400000000000000000000000000,49,46,45,45
123,00004000000000000000000000000000,49,46,44,45
124,00040000000000000000000000000000,46,48,47,46
125,00400000000000000000000000000000,46,48,47,46
126,04000000000000000000000000000000,45,45,44,46
127,40000000000000000000000000000000,45,45,44,45
128,00000000000000000000000000000005,66,65,68,69
129,00000000000000000000000000000050,67,65,68,69
130,00000000000000000000000000000500,47,46,46,45
131,00000000000000000000000000005000,47,46,47,46
132,00000000000000000000000000050000,64,74,66,69
133,00000000000000000000000000500000,64,74,66,70
134,00000000000000000000000005000000,45,48,47,49
135,00000000000000000000000050000000,46,48,47,48
136,00000000000000000000000500000000,72,71,69,68
137,00000000000000000000005000000000,72,71,69,68
138,00000000000000000000050000000000,45,48,45,45
139,00000000000000000000500000000000,45,49,46,45
140,00000000000000000005000000000000,66,69,67,65
141,00000000000000000050000000000000,66,68,67,65
142,00000000000000000500000000000000,47,47,49,46
143,00000000000000005000000000000000,46,46,50,46
144,00000000000000050000000000000000,73,66,68,66
145,00000000000000500000000000000000,73,66,68,66
146,00000000000005000000000000000000,47,46,48,45
147,00000000000050000000000000000000,46,45,47,44
148,00000000000500000000000000000000,72,68,72,66
149,00000000005000000000000000000000,72,68,72,66
150,00000000050000000000000000000000,46,48,46,45
151,00000000500000000000000000000000,47,48,46,45
152,00000005000000000000000000000000,66,65,71,68
153,00000050000000000000000000000000,66,65,71,68
154,00000500000000000000000000000000,49,47,46,46
155,00005000000000000000000000000000,49,47,47,46
156,00050000000000000000000000000000,68,73,65,64
157,00500000000000000000000000000000,68,73,65,64
158,05000000000000000000000000000000,45,46,46,47
159,50000000000000000000000000000000,45,45,46,46
160,00000000000000000000000000000006,46,45,47,46
161,00000000000000000000000000000060,46,45,47,45
162,00000000000000000000000000000600,46,46,47,43
163,00000000000000000000000000006000,46,46,48,44
164,00000000000000000000000000060000,59,61,58,53
165,00000000000000000000000000600000,58,61,58,54
166,00000000000000000000000006000000,64,60,63,54
167,00000000000000000000000060000000,64,60,62,55
168,00000000000000000000000600000000,45,46,46,46
169,00000000000000000000006000000000,45,45,47,46
170,00000000000000000000060000000000,46,48,47,46
171,00000000000000000000600000000000,46,47,46,46
172,00000000000000000006000000000000,54,50,63,51
173,00000000000000000060000000000000,54,49,62,51
174,00000000000000000600000000000000,58,62,62,58
175,00000000000000006000000000000000,58,61,61,58
176,00000000000000060000000000000000,46,46,45,49
177,00000000000000600000000000000000,46,46,45,49
178,00000000000006000000000000000000,45,46,44,47
179,00000000000060000000000000000000,46,45,45,46
180,00000000000600000000000000000000,55,56,57,58
181,00000000006000000000000000000000,55,56,57,58
182,00000000060000000000000000000000,56,54,61,59
183,00000000600000000000000000000000,57,54,61,59
184,00000006000000000000000000000000,46,50,47,47
185,00000060000000000000000000000000,47,50,47,47
186,00000600000000000000000000000000,50,46,45,45
187,00006000000000000000000000000000,50,46,44,45
188,00060000000000000000000000000000,51,63,59,60
189,00600000000000000000000000000000,51,63,59,60
190,06000000000000000000000000000000,59,58,55,58
191,60000000000000000000000000000000,60,57,55,59
192,00000000000000000000000000000007,56,57,61,61
193,00000000000000000000000000000070,56,57,61,61
194,00000000000000000000000000000700,56,54,53,50
195,00000000000000000000000000007000,56,55,54,51
196,00000000000000000000000000070000,59,61,58,53
197,00000000000000000000000000700000,58,61,58,54
198,00000000000000000000000007000000,64,60,63,65
199,00000000000000000000000070000000,64,60,63,65
200,00000000000000000000000700000000,52,66,57,65
201,00000000000000000000007000000000,52,65,57,65
202,00000000000000000000070000000000,49,55,55,47
203,00000000000000000000700000000000,49,55,56,47
204,00000000000000000007000000000000,54,50,63,51
205,00000000000000000070000000000000,54,49,62,51
206,00000000000000000700000000000000,68,65,65,70
207,00000000000000007000000000000000,68,65,65,70
208,00000000000000070000000000000000,60,57,57,59
209,00000000000000700000000000000000,60,57,57,60
210,00000000000007000000000000000000,58,50,56,55
211,00000000000070000000000000000000,59,49,56,54
212,00000000000700000000000000000000,55,57,57,61
213,00000000007000000000000000000000,55,57,57,61
214,00000000070000000000000000000000,61,66,62,59
215,00000000700000000000000000000000,61,66,62,59
216,00000007000000000000000000000000,61,65,54,60
217,00000070000000000000000000000000,60,65,54,60
218,00000700000000000000000000000000,50,54,49,54
219,00007000000000000000000000000000,50,54,49,54
220,00070000000000000000000000000000,51,63,59,60
221,00700000000000000000000000000000,51,63,59,60
222,07000000000000000000000000000000,63,70,68,59
223,70000000000000000000000000000000,63,70,68,59
224,00000000000000000000000000000008,46,44,46,45
225,00000000000000000000000000000080,46,45,46,46
226,00000000000000000000000000000800,46,45,46,45
227,00000000000000000000000000008000,46,45,45,44
228,00000000000000000000000000080000,45,46,47,43
229,00000000000000000000000000800000,45,46,47,44
230,00000000000000000000000008000000,46,48,47,48
231,00000000000000000000000080000000,45,48,47,49
232,00000000000000000000000800000000,45,44,46,45
233,00000000000000000000008000000000,45,45,45,45
234,00000000000000000000080000000000,44,48,45,44
235,00000000000000000000800000000000,44,47,44,44
236,00000000000000000008000000000000,46,45,46,44
237,00000000000000000080000000000000,46,46,45,45
238,00000000000000000800000000000000,46,46,50,46
239,00000000000000008000000000000000,47,47,49,46
240,00000000000000080000000000000000,45,46,45,47
241,00000000000000800000000000000000,45,46,45,47
242,00000000000008000000000000000000,45,44,46,43
243,00000000000080000000000000000000,46,45,47,44
244,00000000000800000000000000000000,45,45,48,45
245,00000000008000000000000000000000,45,45,48,45
246,00000000080000000000000000000000,47,48,46,45
247,00000000800000000000000000000000,46,48,46,45
248,00000008000000000000000000000000,45,45,47,47
249,00000080000000000000000000000000,44,45,47,47
250,00000800000000000000000000000000,48,46,46,45
251,00008000000000000000000000000000,48,46,45,45
252,00080000000000000000000000000000,45,47,44,46
253,00800000000000000000000000000000,45,47,44,46
254,08000000000000000000000000000000,45,45,46,46
255,80000000000000000000000000000000,45,46,46,47
256,00000000000000000000000000000009,46,44,46,45
257,00000000000000000000000000000090,46,45,46,46
258,00000000000000000000000000000900,60,61,63,61
259,00000000000000000000000000009000,60,61,62,61
260,00000000000000000000000000090000,57,60,57,53
261,00000000000000000000000000900000,58,60,57,52
262,00000000000000000000000009000000,65,61,64,55
263,00000000000000000000000090000000,65,61,63,56
264,00000000000000000000000900000000,45,44,46,45
265,00000000000000000000009000000000,45,45,45,45
266,00000000000000000000090000000000,64,58,53,61
267,00000000000000000000900000000000,64,57,52,62
268,00000000000000000009000000000000,53,48,61,50
269,00000000000000000090000000000000,53,49,62,50
270,00000000000000000900000000000000,59,63,63,59
271,00000000000000009000000000000000,59,62,62,59
272,00000000000000090000000000000000,45,47,47,47
273,00000000000000900000000000000000,45,47,47,47
274,00000000000009000000000000000000,63,58,61,55
275,00000000000090000000000000000000,63,58,61,54
276,00000000000900000000000000000000,54,55,56,57
277,00000000009000000000000000000000,54,55,56,57
278,00000000090000000000000000000000,57,55,62,60
279,00000000900000000000000000000000,58,55,62,60
280,00000009000000000000000000000000,45,45,47,47
281,00000090000000000000000000000000,44,45,47,47
282,00000900000000000000000000000000,65,62,64,61
283,00009000000000000000000000000000,65,62,63,61
284,00090000000000000000000000000000,50,62,58,59
285,00900000000000000000000000000000,50,62,58,59
286,09000000000000000000000000000000,60,59,56,59
287,90000000000000000000000000000000,61,58,56,60
288,0000000000000000000000000000000a,56,57,61,61
289,000000000000000000000000000000a0,56,57,61,61
290,00000000000000000000000000000a00,66,67,63,61
291,0000000000000000000000000000a000,66,67,63,61
292,000000000000000000000000000a0000,58,61,58,53
293,00000000000000000000000000a00000,58,61,58,53
294,0000000000000000000000000a000000,68,72,61,64
295,000000000000000000000000a0000000,68,72,61,64
296,00000000000000000000000a00000000,52,65,57,65
297,0000000000000000000000a000000000,52,65,57,65
298,000000000000000000000a0000000000,69,66,66,69
299,00000000000000000000a00000000000,69,66,66,69
300,0000000000000000000a000000000000,54,49,62,51
301,000000000000000000a0000000000000,54,49,62,51
302,00000000000000000a00000000000000,58,61,66,64
303,0000000000000000a000000000000000,58,61,66,64
304,000000000000000a0000000000000000,60,57,57,55
305,00000000000000a00000000000000000,60,57,57,55
306,0000000000000a000000000000000000,63,58,61,64
307,000000000000a0000000000000000000,63,58,61,63
308,00000000000a00000000000000000000,55,56,57,58
309,0000000000a000000000000000000000,55,56,57,58
310,000000000a0000000000000000000000,66,66,72,66
311,00000000a00000000000000000000000,65,66,72,66
312,0000000a000000000000000000000000,60,63,54,60
313,000000a0000000000000000000000000,60,63,54,60
314,00000a00000000000000000000000000,68,62,69,65
315,0000a000000000000000000000000000,68,62,69,65
316,000a0000000000000000000000000000,51,63,59,60
317,00a00000000000000000000000000000,51,63,59,60
318,0a000000000000000000000000000000,60,64,62,67
319,a0000000000000000000000000000000,59,63,62,66
320,0000000000000000000000000000000b,56,57,61,61
321,000000000000000000000000000000b0,56,57,61,61
322,00000000000000000000000000000b00,60,61,63,67
323,0000000000000000000000000000b000,60,61,62,68
324,000000000000000000000000000b0000,58,61,58,53
325,00000000000000000000000000b00000,58,61,58,54
326,0000000000000000000000000b000000,79,77,70,66
327,000000000000000000000000b0000000,78,76,70,66
328,00000000000000000000000b00000000,52,65,57,65
329,0000000000000000000000b000000000,52,66,57,65
330,000000000000000000000b0000000000,64,58,53,61
331,00000000000000000000b00000000000,64,57,52,62
332,0000000000000000000b000000000000,54,49,62,51
333,000000000000000000b0000000000000,54,49,62,51
334,00000000000000000b00000000000000,68,70,71,70
335,0000000000000000b000000000000000,68,71,71,70
336,000000000000000b0000000000000000,60,57,57,56
337,00000000000000b00000000000000000,60,57,57,55
338,0000000000000b000000000000000000,64,62,66,55
339,000000000000b0000000000000000000,63,61,66,54
340,00000000000b00000000000000000000,55,57,57,61
341,0000000000b000000000000000000000,55,57,57,61
342,000000000b0000000000000000000000,68,68,74,70
343,00000000b00000000000000000000000,67,68,74,70
344,0000000b000000000000000000000000,60,63,54,60
345,000000b0000000000000000000000000,61,63,54,60
346,00000b00000000000000000000000000,65,65,64,61
347,0000b000000000000000000000000000,65,65,63,61
348,000b0000000000000000000000000000,51,63,59,60
349,00b00000000000000000000000000000,51,63,59,60
350,0b000000000000000000000000000000,68,70,71,67
351,b0000000000000000000000000000000,69,69,71,66
352,0000000000000000000000000000000c,55,56,60,60
353,000000000000000000000000000000c0,55,56,60,60
354,00000000000000000000000000000c00,60,61,63,61
355,0000000000000000000000000000c000,60,61,62,61
356,000000000000000000000000000c0000,45,46,47,47
357,00000000000000000000000000c00000,45,46,47,46
358,0000000000000000000000000c000000,65,61,64,55
359,000000000000000000000000c0000000,65,61,63,56
360,00000000000000000000000c00000000,51,64,56,64
361,0000000000000000000000c000000000,51,65,56,64
362,000000000000000000000c0000000000,64,58,53,61
363,00000000000000000000c00000000000,64,57,52,62
364,0000000000000000000c000000000000,46,45,46,44
365,000000000000000000c0000000000000,46,46,47,45
366,00000000000000000c00000000000000,59,63,63,59
367,0000000000000000c000000000000000,59,62,62,59
368,000000000000000c0000000000000000,59,56,56,55
369,00000000000000c00000000000000000,59,56,56,54
370,0000000000000c000000000000000000,63,58,61,55
371,000000000000c0000000000000000000,63,58,61,54
372,00000000000c00000000000000000000,45,45,48,45
373,0000000000c000000000000000000000,45,45,48,45
374,000000000c0000000000000000000000,57,55,62,60
375,00000000c00000000000000000000000,58,55,62,60
376,0000000c000000000000000000000000,59,62,53,59
377,000000c0000000000000000000000000,60,62,53,59
378,00000c00000000000000000000000000,65,62,64,61
379,0000c000000000000000000000000000,65,62,63,61
380,000c0000000000000000000000000000,45,47,44,48
381,00c00000000000000000000000000000,45,47,44,48
382,0c000000000000000000000000000000,60,59,56,59
383,c0000000000000000000000000000000,61,58,56,60
384,0000000000000000000000000000000d,55,56,60,60
385,000000000000000000000000000000d0,55,56,60,60
386,00000000000000000000000000000d00,66,70,63,61
387,0000000000000000000000000000d000,66,70,63,61
388,000000000000000000000000000d0000,57,60,57,53
389,00000000000000000000000000d00000,58,60,57,52
390,0000000000000000000000000d000000,65,61,64,66
391,000000000000000000000000d0000000,65,61,64,66
392,00000000000000000000000d00000000,51,64,56,64
393,0000000000000000000000d000000000,51,65,56,64
394,000000000000000000000d0000000000,69,66,66,69
395,00000000000000000000d00000000000,69,66,66,69
396,0000000000000000000d000000000000,53,48,61,50
397,000000000000000000d0000000000000,53,49,62,50
398,00000000000000000d00000000000000,69,66,66,71
399,0000000000000000d000000000000000,69,66,66,71
400,000000000000000d0000000000000000,59,56,56,55
401,00000000000000d00000000000000000,59,56,56,54
402,0000000000000d000000000000000000,63,58,61,64
403,000000000000d0000000000000000000,63,58,61,64
404,00000000000d00000000000000000000,54,55,56,57
405,0000000000d000000000000000000000,54,55,56,57
406,000000000d0000000000000000000000,62,67,63,60
407,00000000d00000000000000000000000,62,67,63,60
408,0000000d000000000000000000000000,59,62,53,59
409,000000d0000000000000000000000000,60,62,53,59
410,00000d00000000000000000000000000,68,62,69,65
411,0000d000000000000000000000000000,68,62,69,65
412,000d0000000000000000000000000000,50,62,58,59
413,00d00000000000000000000000000000,50,62,58,59
414,0d000000000000000000000000000000,64,71,69,60
415,d0000000000000000000000000000000,64,71,69,60
416,0000000000000000000000000000000e,56,57,61,61
417,000000000000000000000000000000e0,56,57,61,61
418,00000000000000000000000000000e00,60,61,63,67
419,0000000000000000000000000000e000,60,61,62,68
420,000000000000000000000000000e0000,58,61,58,54
421,00000000000000000000000000e00000,59,61,58,53
422,0000000000000000000000000e000000,79,77,70,66
423,000000000000000000000000e0000000,78,76,70,66
424,00000000000000000000000e00000000,52,66,57,65
425,0000000000000000000000e000000000,52,65,57,65
426,000000000000000000000e0000000000,64,58,53,61
427,00000000000000000000e00000000000,64,57,52,62
428,0000000000000000000e000000000000,54,49,62,51
429,000000000000000000e0000000000000,54,50,63,51
430,00000000000000000e00000000000000,68,70,71,70
431,0000000000000000e000000000000000,68,71,71,70
432,000000000000000e0000000000000000,60,57,57,59
433,00000000000000e00000000000000000,60,57,57,59
434,0000000000000e000000000000000000,64,62,66,55
435,000000000000e0000000000000000000,63,61,66,54
436,00000000000e00000000000000000000,55,56,57,58
437,0000000000e000000000000000000000,55,56,57,58
438,000000000e0000000000000000000000,68,68,74,70
439,00000000e00000000000000000000000,67,68,74,70
440,0000000e000000000000000000000000,60,65,54,60
441,000000e0000000000000000000000000,60,65,54,60
442,00000e00000000000000000000000000,65,65,64,61
443,0000e000000000000000000000000000,65,65,63,61
444,000e0000000000000000000000000000,51,63,59,60
445,00e00000000000000000000000000000,51,63,59,60
446,0e000000000000000000000000000000,68,70,71,67
447,e0000000000000000000000000000000,69,69,71,66
448,0000000000000000000000000000000f,56,57,61,61
449,000000000000000000000000000000f0,56,57,61,61
450,00000000000000000000000000000f00,68,67,64,67
451,0000000000000000000000000000f000,68,67,63,68
452,000000000000000000000000000f0000,58,61,58,60
453,00000000000000000000000000f00000,59,61,58,59
454,0000000000000000000000000f000000,76,76,73,75
455,000000000000000000000000f0000000,77,76,73,75
456,00000000000000000000000f00000000,52,66,57,65
457,0000000000000000000000f000000000,52,66,57,65
458,000000000000000000000f0000000000,70,68,66,70
459,00000000000000000000f00000000000,70,67,66,69
460,0000000000000000000f000000000000,54,49,62,51
461,000000000000000000f0000000000000,54,50,63,51
462,00000000000000000f00000000000000,77,71,73,76
463,0000000000000000f000000000000000,77,70,73,76
464,000000000000000f0000000000000000,60,57,59,60
465,00000000000000f00000000000000000,60,57,58,59
466,0000000000000f000000000000000000,71,65,69,64
467,000000000000f0000000000000000000,70,64,70,63
468,00000000000f00000000000000000000,60,57,62,61
469,0000000000f000000000000000000000,61,57,62,61
470,000000000f0000000000000000000000,70,71,76,74
471,00000000f00000000000000000000000,70,71,76,74
472,0000000f000000000000000000000000,60,65,54,60
473,000000f0000000000000000000000000,61,65,54,60
474,00000f00000000000000000000000000,69,71,70,66
475,0000f000000000000000000000000000,68,71,69,66
476,000f0000000000000000000000000000,51,63,59,60
477,00f00000000000000000000000000000,51,63,59,60
478,0f000000000000000000000000000000,76,76,72,76
479,f0000000000000000000000000000000,75,76,72,75
