,Input_diff,Round3,Round2,Round1,Round0
0,00000000000000000000000000000001,44,46,44,46
1,00000000000000000000000000000010,45,47,43,46
2,00000000000000000000000000000100,47,45,46,46
3,00000000000000000000000000001000,47,45,46,46
4,00000000000000000000000000010000,45,46,46,43
5,00000000000000000000000000100000,45,46,46,44
6,00000000000000000000000001000000,48,47,46,46
7,00000000000000000000000010000000,48,46,46,46
8,00000000000000000000000100000000,46,46,45,45
9,00000000000000000000001000000000,46,46,45,46
10,00000000000000000000010000000000,50,46,46,45
11,00000000000000000000100000000000,50,46,45,44
12,00000000000000000001000000000000,47,45,47,48
13,00000000000000000010000000000000,47,45,47,47
14,00000000000000000100000000000000,47,45,48,44
15,00000000000000001000000000000000,47,45,48,45
16,00000000000000010000000000000000,46,43,44,45
17,00000000000000100000000000000000,46,44,45,45
18,00000000000001000000000000000000,52,44,45,47
19,00000000000010000000000000000000,51,45,46,48
20,00000000000100000000000000000000,48,46,45,45
21,00000000001000000000000000000000,48,46,44,45
22,00000000010000000000000000000000,48,45,47,47
23,00000000100000000000000000000000,48,45,46,47
24,00000001000000000000000000000000,51,46,47,47
25,00000010000000000000000000000000,50,46,47,46
26,00000100000000000000000000000000,45,46,46,44
27,00001000000000000000000000000000,46,46,46,44
28,00010000000000000000000000000000,46,46,44,47
29,00100000000000000000000000000000,45,46,44,47
30,01000000000000000000000000000000,45,46,46,46
31,10000000000000000000000000000000,46,45,46,46
32,00000000000000000000000000000002,45,46,46,46
33,00000000000000000000000000000020,45,46,47,46
34,00000000000000000000000000000200,46,46,46,45
35,00000000000000000000000000002000,46,46,46,45
36,00000000000000000000000000020000,47,47,43,44
37,00000000000000000000000000200000,47,47,43,45
38,00000000000000000000000002000000,46,45,46,46
39,00000000000000000000000020000000,46,46,46,46
40,00000000000000000000000200000000,46,47,46,46
41,00000000000000000000002000000000,46,47,46,46
42,00000000000000000000020000000000,47,47,47,47
43,00000000000000000000200000000000,46,47,46,46
44,00000000000000000002000000000000,45,45,45,45
45,00000000000000000020000000000000,45,45,45,46
46,00000000000000000200000000000000,46,46,48,45
47,00000000000000002000000000000000,46,46,48,44
48,00000000000000020000000000000000,45,44,45,45
49,00000000000000200000000000000000,45,45,44,45
50,00000000000002000000000000000000,46,45,45,45
51,00000000000020000000000000000000,46,44,44,44
52,00000000000200000000000000000000,44,45,46,46
53,00000000002000000000000000000000,44,45,47,46
54,00000000020000000000000000000000,48,47,46,47
55,00000000200000000000000000000000,48,47,46,47
56,00000002000000000000000000000000,47,46,46,48
57,00000020000000000000000000000000,47,46,46,47
58,00000200000000000000000000000000,45,47,46,45
59,00002000000000000000000000000000,46,47,46,45
60,00020000000000000000000000000000,46,45,44,46
61,00200000000000000000000000000000,45,45,45,46
62,02000000000000000000000000000000,46,45,46,46
63,20000000000000000000000000000000,45,46,46,46
64,00000000000000000000000000000003,45,55,44,63
65,00000000000000000000000000000030,45,55,43,64
66,00000000000000000000000000000300,57,47,59,60
67,00000000000000000000000000003000,57,47,59,60
68,00000000000000000000000000030000,45,46,47,44
69,00000000000000000000000000300000,45,46,47,45
70,00000000000000000000000003000000,53,60,60,46
71,00000000000000000000000030000000,53,60,60,46
72,00000000000000000000000300000000,46,46,57,48
73,00000000000000000000003000000000,46,46,57,47
74,00000000000000000000030000000000,64,61,47,45
75,00000000000000000000300000000000,63,61,46,44
76,00000000000000000003000000000000,46,60,51,58
77,00000000000000000030000000000000,46,60,51,58
78,00000000000000000300000000000000,56,46,48,62
79,00000000000000003000000000000000,56,46,48,62
80,00000000000000030000000000000000,55,44,45,59
81,00000000000000300000000000000000,55,45,46,59
82,00000000000003000000000000000000,46,59,61,60
83,00000000000030000000000000000000,46,60,62,59
84,00000000000300000000000000000000,57,57,45,45
85,00000000003000000000000000000000,57,57,44,45
86,00000000030000000000000000000000,49,45,59,48
87,00000000300000000000000000000000,49,45,60,48
88,00000003000000000000000000000000,62,59,62,47
89,00000030000000000000000000000000,63,59,62,46
90,00000300000000000000000000000000,49,46,47,46
91,00003000000000000000000000000000,50,46,47,46
92,00030000000000000000000000000000,60,45,58,57
93,00300000000000000000000000000000,59,45,58,57
94,03000000000000000000000000000000,46,61,49,62
95,30000000000000000000000000000000,45,62,49,62
96,00000000000000000000000000000004,46,46,44,45
97,00000000000000000000000000000040,45,45,43,45
98,00000000000000000000000000000400,47,46,45,46
99,00000000000000000000000000004000,47,46,45,46
100,00000000000000000000000000040000,45,46,47,45
101,00000000000000000000000000400000,45,46,47,44
102,00000000000000000000000004000000,47,47,46,46
103,00000000000000000000000040000000,47,46,46,46
104,00000000000000000000000400000000,46,46,45,47
105,00000000000000000000004000000000,46,46,45,46
106,00000000000000000000040000000000,49,46,46,45
107,00000000000000000000400000000000,49,46,47,44
108,00000000000000000004000000000000,47,44,46,46
109,00000000000000000040000000000000,47,44,46,47
110,00000000000000000400000000000000,47,46,48,44
111,00000000000000004000000000000000,47,46,48,45
112,00000000000000040000000000000000,46,45,46,45
113,00000000000000400000000000000000,46,44,45,45
114,00000000000004000000000000000000,52,44,45,47
115,00000000000040000000000000000000,53,43,46,46
116,00000000000400000000000000000000,47,46,45,45
117,00000000004000000000000000000000,47,46,44,45
118,00000000040000000000000000000000,48,45,45,48
119,00000000400000000000000000000000,48,45,46,48
120,00000004000000000000000000000000,49,46,46,47
121,00000040000000000000000000000000,50,46,46,46
122,00000400000000000000000000000000,45,46,46,45
123,00004000000000000000000000000000,46,46,46,45
124,00040000000000000000000000000000,46,47,44,47
125,00400000000000000000000000000000,45,47,44,47
126,04000000000000000000000000000000,47,44,47,45
127,40000000000000000000000000000000,46,45,47,45
128,00000000000000000000000000000005,70,61,46,64
129,00000000000000000000000000000050,69,61,47,64
130,00000000000000000000000000000500,47,68,69,46
131,00000000000000000000000000005000,47,68,69,46
132,00000000000000000000000000050000,47,47,68,73
133,00000000000000000000000000500000,47,47,68,74
134,00000000000000000000000005000000,72,47,47,46
135,00000000000000000000000050000000,71,46,47,46
136,00000000000000000000000500000000,46,47,47,69
137,00000000000000000000005000000000,46,47,47,69
138,00000000000000000000050000000000,68,48,68,47
139,00000000000000000000500000000000,68,48,68,46
140,00000000000000000005000000000000,65,66,69,66
141,00000000000000000050000000000000,65,65,69,65
142,00000000000000000500000000000000,47,68,48,45
143,00000000000000005000000000000000,47,68,48,46
144,00000000000000050000000000000000,46,71,75,46
145,00000000000000500000000000000000,46,71,75,46
146,00000000000005000000000000000000,74,70,45,68
147,00000000000050000000000000000000,74,70,46,69
148,00000000000500000000000000000000,66,46,46,46
149,00000000005000000000000000000000,66,46,47,46
150,00000000050000000000000000000000,48,47,65,71
151,00000000500000000000000000000000,48,47,66,71
152,00000005000000000000000000000000,72,47,72,48
153,00000050000000000000000000000000,73,47,72,47
154,00000500000000000000000000000000,45,47,46,62
155,00005000000000000000000000000000,46,47,46,61
156,00050000000000000000000000000000,46,68,46,47
157,00500000000000000000000000000000,47,68,45,47
158,05000000000000000000000000000000,65,66,68,72
159,50000000000000000000000000000000,65,67,68,72
160,00000000000000000000000000000006,53,49,44,47
161,00000000000000000000000000000060,52,48,43,47
162,00000000000000000000000000000600,57,58,47,60
163,00000000000000000000000000006000,57,58,47,60
164,00000000000000000000000000060000,45,46,60,57
165,00000000000000000000000000600000,45,46,60,56
166,00000000000000000000000006000000,46,60,60,46
167,00000000000000000000000060000000,46,60,60,46
168,00000000000000000000000600000000,46,46,57,52
169,00000000000000000000006000000000,46,46,57,51
170,00000000000000000000060000000000,47,61,64,45
171,00000000000000000000600000000000,46,61,63,44
172,00000000000000000006000000000000,62,46,45,49
173,00000000000000000060000000000000,62,45,45,49
174,00000000000000000600000000000000,56,59,48,62
175,00000000000000006000000000000000,56,58,48,62
176,00000000000000060000000000000000,55,58,61,59
177,00000000000000600000000000000000,55,57,60,59
178,00000000000006000000000000000000,60,45,61,48
179,00000000000060000000000000000000,60,44,62,47
180,00000000000600000000000000000000,45,57,45,45
181,00000000006000000000000000000000,45,57,44,45
182,00000000060000000000000000000000,49,45,47,60
183,00000000600000000000000000000000,49,45,47,60
184,00000006000000000000000000000000,48,59,46,47
185,00000060000000000000000000000000,48,59,46,46
186,00000600000000000000000000000000,52,46,47,53
187,00006000000000000000000000000000,51,46,47,53
188,00060000000000000000000000000000,60,51,58,57
189,00600000000000000000000000000000,59,51,58,57
190,06000000000000000000000000000000,61,46,57,46
191,60000000000000000000000000000000,60,47,58,46
192,00000000000000000000000000000007,53,55,53,64
193,00000000000000000000000000000070,52,55,54,64
194,00000000000000000000000000000700,57,58,60,69
195,00000000000000000000000000007000,57,58,60,69
196,00000000000000000000000000070000,59,54,60,57
197,00000000000000000000000000700000,59,54,60,56
198,00000000000000000000000007000000,53,68,66,48
199,00000000000000000000000070000000,53,68,66,48
200,00000000000000000000000700000000,55,57,64,52
201,00000000000000000000007000000000,56,57,64,51
202,00000000000000000000070000000000,64,61,64,56
203,00000000000000000000700000000000,63,61,65,56
204,00000000000000000007000000000000,62,61,51,58
205,00000000000000000070000000000000,62,60,51,58
206,00000000000000000700000000000000,65,59,53,62
207,00000000000000007000000000000000,65,59,54,62
208,00000000000000070000000000000000,67,58,61,67
209,00000000000000700000000000000000,67,57,60,67
210,00000000000007000000000000000000,60,59,65,60
211,00000000000070000000000000000000,60,60,65,59
212,00000000000700000000000000000000,57,65,47,53
213,00000000007000000000000000000000,57,65,48,53
214,00000000070000000000000000000000,49,54,59,60
215,00000000700000000000000000000000,49,54,60,60
216,00000007000000000000000000000000,62,64,62,50
217,00000070000000000000000000000000,63,64,62,50
218,00000700000000000000000000000000,49,50,56,61
219,00007000000000000000000000000000,50,49,56,60
220,00070000000000000000000000000000,62,51,64,67
221,00700000000000000000000000000000,62,51,64,67
222,07000000000000000000000000000000,63,61,57,62
223,70000000000000000000000000000000,62,62,58,62
224,00000000000000000000000000000008,45,46,46,46
225,00000000000000000000000000000080,45,46,45,46
226,00000000000000000000000000000800,47,46,46,46
227,00000000000000000000000000008000,47,46,46,46
228,00000000000000000000000000080000,46,46,43,45
229,00000000000000000000000000800000,46,46,43,44
230,00000000000000000000000008000000,46,46,47,45
231,00000000000000000000000080000000,46,47,47,45
232,00000000000000000000000800000000,45,46,47,46
233,00000000000000000000008000000000,45,46,47,46
234,00000000000000000000080000000000,46,48,46,45
235,00000000000000000000800000000000,47,48,47,46
236,00000000000000000008000000000000,45,45,45,46
237,00000000000000000080000000000000,45,45,45,45
238,00000000000000000800000000000000,47,46,47,46
239,00000000000000008000000000000000,47,46,47,45
240,00000000000000080000000000000000,46,45,44,46
241,00000000000000800000000000000000,46,44,45,46
242,00000000000008000000000000000000,46,44,46,44
243,00000000000080000000000000000000,46,45,45,45
244,00000000000800000000000000000000,44,46,46,45
245,00000000008000000000000000000000,44,46,45,45
246,00000000080000000000000000000000,47,46,46,47
247,00000000800000000000000000000000,47,46,46,47
248,00000008000000000000000000000000,47,47,46,46
249,00000080000000000000000000000000,47,47,46,47
250,00000800000000000000000000000000,45,46,45,45
251,00008000000000000000000000000000,44,46,45,45
252,00080000000000000000000000000000,47,45,45,47
253,00800000000000000000000000000000,46,45,46,47
254,08000000000000000000000000000000,45,46,46,46
255,80000000000000000000000000000000,46,45,46,46
256,00000000000000000000000000000009,51,47,63,46
257,00000000000000000000000000000090,52,46,63,46
258,00000000000000000000000000000900,58,57,47,61
259,00000000000000000000000000009000,58,57,47,61
260,00000000000000000000000000090000,60,63,59,55
261,00000000000000000000000000900000,60,63,59,56
262,00000000000000000000000009000000,46,61,61,65
263,00000000000000000000000090000000,46,61,61,65
264,00000000000000000000000900000000,57,55,58,50
265,00000000000000000000009000000000,58,55,58,51
266,00000000000000000000090000000000,46,62,62,64
267,00000000000000000000900000000000,47,62,63,64
268,00000000000000000009000000000000,61,45,45,46
269,00000000000000000090000000000000,61,46,45,45
270,00000000000000000900000000000000,57,57,64,63
271,00000000000000009000000000000000,57,58,64,63
272,00000000000000090000000000000000,56,56,59,60
273,00000000000000900000000000000000,56,57,60,60
274,00000000000009000000000000000000,59,44,62,44
275,00000000000090000000000000000000,59,45,63,45
276,00000000000900000000000000000000,44,58,61,55
277,00000000009000000000000000000000,44,58,62,56
278,00000000090000000000000000000000,63,68,46,59
279,00000000900000000000000000000000,64,68,46,59
280,00000009000000000000000000000000,47,60,46,57
281,00000090000000000000000000000000,47,60,46,57
282,00000900000000000000000000000000,65,62,56,52
283,00009000000000000000000000000000,64,62,56,52
284,00090000000000000000000000000000,61,50,59,58
285,00900000000000000000000000000000,60,50,59,58
286,09000000000000000000000000000000,59,46,57,46
287,90000000000000000000000000000000,60,45,56,46
288,0000000000000000000000000000000a,52,55,63,63
289,000000000000000000000000000000a0,52,55,63,63
290,00000000000000000000000000000a00,69,58,59,62
291,0000000000000000000000000000a000,69,58,59,62
292,000000000000000000000000000a0000,60,69,60,56
293,00000000000000000000000000a00000,60,69,60,56
294,0000000000000000000000000a000000,53,65,64,65
295,000000000000000000000000a0000000,53,65,64,65
296,00000000000000000000000a00000000,61,63,65,51
297,0000000000000000000000a000000000,61,63,65,51
298,000000000000000000000a0000000000,63,66,63,64
299,00000000000000000000a00000000000,63,66,63,64
300,0000000000000000000a000000000000,61,60,51,58
301,000000000000000000a0000000000000,61,60,51,58
302,00000000000000000a00000000000000,70,58,70,66
303,0000000000000000a000000000000000,70,58,70,65
304,000000000000000a0000000000000000,59,57,60,68
305,00000000000000a00000000000000000,59,57,60,68
306,0000000000000a000000000000000000,60,59,66,59
307,000000000000a0000000000000000000,60,59,66,59
308,00000000000a00000000000000000000,57,70,62,60
309,0000000000a000000000000000000000,57,70,62,60
310,000000000a0000000000000000000000,64,68,59,60
311,00000000a00000000000000000000000,64,68,59,60
312,0000000a000000000000000000000000,62,62,62,63
313,000000a0000000000000000000000000,62,62,62,63
314,00000a00000000000000000000000000,66,62,66,53
315,0000a000000000000000000000000000,66,62,66,53
316,000a0000000000000000000000000000,58,51,61,65
317,00a00000000000000000000000000000,59,51,61,65
318,0a000000000000000000000000000000,60,61,57,62
319,a0000000000000000000000000000000,60,61,57,62
320,0000000000000000000000000000000b,52,55,69,64
321,000000000000000000000000000000b0,52,55,68,63
322,00000000000000000000000000000b00,74,58,59,69
323,0000000000000000000000000000b000,74,58,59,69
324,000000000000000000000000000b0000,64,63,60,57
325,00000000000000000000000000b00000,63,63,60,56
326,0000000000000000000000000b000000,53,69,75,65
327,000000000000000000000000b0000000,53,69,75,65
328,00000000000000000000000b00000000,57,55,67,51
329,0000000000000000000000b000000000,58,55,67,51
330,000000000000000000000b0000000000,63,75,64,66
331,00000000000000000000b00000000000,64,75,64,65
332,0000000000000000000b000000000000,61,60,51,58
333,000000000000000000b0000000000000,61,60,51,58
334,00000000000000000b00000000000000,72,59,64,76
335,0000000000000000b000000000000000,72,59,64,77
336,000000000000000b0000000000000000,68,58,61,71
337,00000000000000b00000000000000000,68,57,60,71
338,0000000000000b000000000000000000,60,60,74,59
339,000000000000b0000000000000000000,60,59,74,60
340,00000000000b00000000000000000000,57,72,61,55
341,0000000000b000000000000000000000,57,72,62,56
342,000000000b0000000000000000000000,63,70,60,60
343,00000000b00000000000000000000000,64,70,59,60
344,0000000b000000000000000000000000,63,74,62,57
345,000000b0000000000000000000000000,62,74,62,57
346,00000b00000000000000000000000000,65,62,56,60
347,0000b000000000000000000000000000,64,62,56,60
348,000b0000000000000000000000000000,71,51,70,73
349,00b00000000000000000000000000000,71,51,71,73
350,0b000000000000000000000000000000,62,62,57,62
351,b0000000000000000000000000000000,62,61,57,62
352,0000000000000000000000000000000c,45,54,63,63
353,000000000000000000000000000000c0,46,54,63,62
354,00000000000000000000000000000c00,58,47,58,61
355,0000000000000000000000000000c000,58,47,58,61
356,000000000000000000000000000c0000,60,63,43,45
357,00000000000000000000000000c00000,60,63,43,46
358,0000000000000000000000000c000000,52,61,61,65
359,000000000000000000000000c0000000,52,61,61,65
360,00000000000000000000000c00000000,57,55,58,46
361,0000000000000000000000c000000000,58,55,58,47
362,000000000000000000000c0000000000,62,62,48,64
363,00000000000000000000c00000000000,63,62,47,64
364,0000000000000000000c000000000000,45,59,50,57
365,000000000000000000c0000000000000,45,59,50,57
366,00000000000000000c00000000000000,57,46,64,63
367,0000000000000000c000000000000000,57,46,64,63
368,000000000000000c0000000000000000,56,46,44,60
369,00000000000000c00000000000000000,56,47,45,60
370,0000000000000c000000000000000000,46,59,62,58
371,000000000000c0000000000000000000,46,58,63,59
372,00000000000c00000000000000000000,56,58,61,55
373,0000000000c000000000000000000000,56,58,62,56
374,000000000c0000000000000000000000,63,68,59,47
375,00000000c00000000000000000000000,64,68,58,47
376,0000000c000000000000000000000000,62,60,61,57
377,000000c0000000000000000000000000,61,60,61,57
378,00000c00000000000000000000000000,65,62,56,46
379,0000c000000000000000000000000000,64,62,56,46
380,000c0000000000000000000000000000,61,45,59,58
381,00c00000000000000000000000000000,60,45,59,58
382,0c000000000000000000000000000000,45,61,46,61
383,c0000000000000000000000000000000,46,60,46,61
384,0000000000000000000000000000000d,51,54,63,63
385,000000000000000000000000000000d0,52,54,63,62
386,00000000000000000000000000000d00,58,57,58,70
387,0000000000000000000000000000d000,58,57,58,70
388,000000000000000000000000000d0000,60,69,59,55
389,00000000000000000000000000d00000,60,69,59,56
390,0000000000000000000000000d000000,52,69,67,65
391,000000000000000000000000d0000000,52,69,67,65
392,00000000000000000000000d00000000,65,63,65,50
393,0000000000000000000000d000000000,65,63,65,51
394,000000000000000000000d0000000000,62,62,62,64
395,00000000000000000000d00000000000,63,62,63,64
396,0000000000000000000d000000000000,61,59,50,57
397,000000000000000000d0000000000000,61,59,50,57
398,00000000000000000d00000000000000,66,57,70,63
399,0000000000000000d000000000000000,66,58,70,63
400,000000000000000d0000000000000000,68,56,59,68
401,00000000000000d00000000000000000,68,57,60,68
402,0000000000000d000000000000000000,59,59,66,58
403,000000000000d0000000000000000000,59,58,66,59
404,00000000000d00000000000000000000,56,66,62,60
405,0000000000d000000000000000000000,56,66,62,60
406,000000000d0000000000000000000000,64,68,59,59
407,00000000d00000000000000000000000,64,68,58,59
408,0000000d000000000000000000000000,62,65,61,64
409,000000d0000000000000000000000000,61,65,61,64
410,00000d00000000000000000000000000,66,62,66,52
411,0000d000000000000000000000000000,66,62,66,52
412,000d0000000000000000000000000000,63,50,65,68
413,00d00000000000000000000000000000,63,50,65,68
414,0d000000000000000000000000000000,59,61,57,61
415,d0000000000000000000000000000000,60,60,56,61
416,0000000000000000000000000000000e,52,55,69,64
417,000000000000000000000000000000e0,53,55,68,64
418,00000000000000000000000000000e00,74,58,60,69
419,0000000000000000000000000000e000,74,58,60,69
420,000000000000000000000000000e0000,64,63,60,56
421,00000000000000000000000000e00000,63,63,60,57
422,0000000000000000000000000e000000,53,69,75,65
423,000000000000000000000000e0000000,53,69,75,65
424,00000000000000000000000e00000000,57,55,67,51
425,0000000000000000000000e000000000,58,55,67,52
426,000000000000000000000e0000000000,63,75,63,66
427,00000000000000000000e00000000000,63,75,64,65
428,0000000000000000000e000000000000,61,60,51,58
429,000000000000000000e0000000000000,61,60,51,58
430,00000000000000000e00000000000000,72,58,64,76
431,0000000000000000e000000000000000,72,59,64,77
432,000000000000000e0000000000000000,68,57,60,71
433,00000000000000e00000000000000000,68,58,61,71
434,0000000000000e000000000000000000,60,59,74,59
435,000000000000e0000000000000000000,60,59,74,59
436,00000000000e00000000000000000000,57,72,61,55
437,0000000000e000000000000000000000,57,72,62,56
438,000000000e0000000000000000000000,63,70,59,60
439,00000000e00000000000000000000000,64,70,59,60
440,0000000e000000000000000000000000,62,74,62,57
441,000000e0000000000000000000000000,63,74,62,57
442,00000e00000000000000000000000000,65,62,56,53
443,0000e000000000000000000000000000,64,62,56,53
444,000e0000000000000000000000000000,71,51,70,73
445,00e00000000000000000000000000000,71,51,71,73
446,0e000000000000000000000000000000,60,61,58,62
447,e0000000000000000000000000000000,61,61,57,62
448,0000000000000000000000000000000f,52,55,69,64
449,000000000000000000000000000000f0,53,55,68,64
450,00000000000000000000000000000f00,73,58,60,75
451,0000000000000000000000000000f000,73,58,60,75
452,000000000000000000000000000f0000,69,72,60,59
453,00000000000000000000000000f00000,69,72,60,60
454,0000000000000000000000000f000000,53,73,73,65
455,000000000000000000000000f0000000,53,74,73,65
456,00000000000000000000000f00000000,61,67,71,51
457,0000000000000000000000f000000000,61,66,71,52
458,000000000000000000000f0000000000,63,75,65,71
459,00000000000000000000f00000000000,64,75,64,70
460,0000000000000000000f000000000000,61,60,51,58
461,000000000000000000f0000000000000,61,61,51,58
462,00000000000000000f00000000000000,74,59,70,76
463,0000000000000000f000000000000000,74,59,70,75
464,000000000000000f0000000000000000,68,58,61,71
465,00000000000000f00000000000000000,68,59,62,71
466,0000000000000f000000000000000000,63,60,76,59
467,000000000000f0000000000000000000,63,59,75,60
468,00000000000f00000000000000000000,57,74,63,66
469,0000000000f000000000000000000000,57,74,62,66
470,000000000f0000000000000000000000,65,72,60,60
471,00000000f00000000000000000000000,64,72,59,60
472,0000000f000000000000000000000000,64,74,62,63
473,000000f0000000000000000000000000,63,74,62,63
474,00000f00000000000000000000000000,70,62,67,60
475,0000f000000000000000000000000000,69,62,67,61
476,000f0000000000000000000000000000,73,51,70,76
477,00f00000000000000000000000000000,73,51,71,76
478,0f000000000000000000000000000000,62,62,58,62
479,f0000000000000000000000000000000,63,61,57,62
