,Input_diff,Round3,Round2,Round1,Round0
0,00000000000000000000000000000001,26,28,27,27
1,00000000000000000000000000000010,27,28,27,27
2,00000000000000000000000000000100,27,29,26,27
3,00000000000000000000000000001000,28,29,26,27
4,00000000000000000000000000010000,28,29,26,28
5,00000000000000000000000000100000,28,29,26,28
6,00000000000000000000000001000000,25,29,27,27
7,00000000000000000000000010000000,26,29,27,27
8,00000000000000000000000100000000,28,26,27,26
9,00000000000000000000001000000000,28,25,28,27
10,00000000000000000000010000000000,28,27,29,28
11,00000000000000000000100000000000,28,27,29,28
12,00000000000000000001000000000000,28,26,26,25
13,00000000000000000010000000000000,28,25,27,26
14,00000000000000000100000000000000,28,27,27,27
15,00000000000000001000000000000000,28,26,28,28
16,00000000000000010000000000000000,27,27,27,28
17,00000000000000100000000000000000,26,26,27,27
18,00000000000001000000000000000000,28,26,27,28
19,00000000000010000000000000000000,27,26,27,28
20,00000000000100000000000000000000,27,26,26,28
21,00000000001000000000000000000000,27,25,26,27
22,00000000010000000000000000000000,27,27,26,28
23,00000000100000000000000000000000,26,26,26,27
24,00000001000000000000000000000000,26,27,28,26
25,00000010000000000000000000000000,26,28,28,27
26,00000100000000000000000000000000,26,28,28,28
27,00001000000000000000000000000000,26,28,27,28
28,00010000000000000000000000000000,27,27,28,26
29,00100000000000000000000000000000,27,28,27,27
30,01000000000000000000000000000000,27,27,28,26
31,10000000000000000000000000000000,27,28,27,27
32,00000000000000000000000000000002,28,26,26,27
33,00000000000000000000000000000020,28,26,25,27
34,00000000000000000000000000000200,28,27,27,28
35,00000000000000000000000000002000,28,27,26,28
36,00000000000000000000000000020000,28,26,28,27
37,00000000000000000000000000200000,28,26,27,27
38,00000000000000000000000002000000,28,27,28,27
39,00000000000000000000000020000000,28,27,28,27
40,00000000000000000000000200000000,26,27,27,28
41,00000000000000000000002000000000,26,27,27,28
42,00000000000000000000020000000000,28,29,28,28
43,00000000000000000000200000000000,28,29,28,28
44,00000000000000000002000000000000,28,28,27,28
45,00000000000000000020000000000000,28,28,27,28
46,00000000000000000200000000000000,27,28,27,28
47,00000000000000002000000000000000,27,28,27,28
48,00000000000000020000000000000000,27,28,27,26
49,00000000000000200000000000000000,28,29,27,27
50,00000000000002000000000000000000,26,29,27,28
51,00000000000020000000000000000000,27,29,27,28
52,00000000000200000000000000000000,27,28,27,25
53,00000000002000000000000000000000,27,29,27,26
54,00000000020000000000000000000000,26,27,28,27
55,00000000200000000000000000000000,27,28,28,28
56,00000002000000000000000000000000,27,26,28,26
57,00000020000000000000000000000000,26,27,28,26
58,00000200000000000000000000000000,27,26,26,27
59,00002000000000000000000000000000,26,26,27,27
60,00020000000000000000000000000000,28,25,28,27
61,00200000000000000000000000000000,28,26,29,27
62,02000000000000000000000000000000,27,26,27,26
63,20000000000000000000000000000000,26,27,28,26
64,00000000000000000000000000000003,33,30,34,31
65,00000000000000000000000000000030,34,30,33,31
66,00000000000000000000000000000300,29,34,29,32
67,00000000000000000000000000003000,30,34,28,32
68,00000000000000000000000000030000,35,33,34,35
69,00000000000000000000000000300000,35,33,33,35
70,00000000000000000000000003000000,30,30,30,35
71,00000000000000000000000030000000,31,30,30,35
72,00000000000000000000000300000000,37,36,31,33
73,00000000000000000000003000000000,37,36,31,34
74,00000000000000000000030000000000,31,33,35,35
75,00000000000000000000300000000000,31,33,35,35
76,00000000000000000003000000000000,38,32,32,30
77,00000000000000000030000000000000,38,32,32,31
78,00000000000000000300000000000000,33,35,35,29
79,00000000000000003000000000000000,33,35,35,30
80,00000000000000030000000000000000,31,36,38,32
81,00000000000000300000000000000000,31,36,38,32
82,00000000000003000000000000000000,34,31,34,31
83,00000000000030000000000000000000,34,31,34,31
84,00000000000300000000000000000000,31,32,38,36
85,00000000003000000000000000000000,31,32,38,36
86,00000000030000000000000000000000,34,37,32,37
87,00000000300000000000000000000000,34,37,32,37
88,00000003000000000000000000000000,32,33,31,37
89,00000030000000000000000000000000,31,34,31,37
90,00000300000000000000000000000000,38,37,36,37
91,00003000000000000000000000000000,37,37,36,37
92,00030000000000000000000000000000,35,36,33,34
93,00300000000000000000000000000000,35,37,33,34
94,03000000000000000000000000000000,37,30,36,31
95,30000000000000000000000000000000,36,31,36,31
96,00000000000000000000000000000004,25,28,26,28
97,00000000000000000000000000000040,26,28,26,28
98,00000000000000000000000000000400,27,28,26,27
99,00000000000000000000000000004000,28,28,26,27
100,00000000000000000000000000040000,28,28,25,27
101,00000000000000000000000000400000,28,28,25,27
102,00000000000000000000000004000000,26,28,26,27
103,00000000000000000000000040000000,27,28,26,27
104,00000000000000000000000400000000,28,26,28,25
105,00000000000000000000004000000000,28,25,27,26
106,00000000000000000000040000000000,28,27,28,28
107,00000000000000000000400000000000,28,27,28,28
108,00000000000000000004000000000000,28,27,28,26
109,00000000000000000040000000000000,28,26,27,27
110,00000000000000000400000000000000,28,26,28,27
111,00000000000000004000000000000000,28,25,27,28
112,00000000000000040000000000000000,26,25,27,27
113,00000000000000400000000000000000,27,26,27,28
114,00000000000004000000000000000000,26,27,28,28
115,00000000000040000000000000000000,27,27,28,28
116,00000000000400000000000000000000,28,25,27,27
117,00000000004000000000000000000000,28,26,27,28
118,00000000040000000000000000000000,26,26,27,27
119,00000000400000000000000000000000,27,27,27,28
120,00000004000000000000000000000000,27,28,29,27
121,00000040000000000000000000000000,27,29,29,26
122,00000400000000000000000000000000,26,29,27,27
123,00004000000000000000000000000000,26,29,28,27
124,00040000000000000000000000000000,27,27,27,27
125,00400000000000000000000000000000,27,28,28,26
126,04000000000000000000000000000000,26,28,26,28
127,40000000000000000000000000000000,26,29,27,27
128,00000000000000000000000000000005,34,35,40,36
129,00000000000000000000000000000050,35,35,41,36
130,00000000000000000000000000000500,40,35,33,42
131,00000000000000000000000000005000,41,35,34,42
132,00000000000000000000000000050000,43,42,32,34
133,00000000000000000000000000500000,43,42,33,34
134,00000000000000000000000005000000,34,42,40,42
135,00000000000000000000000050000000,35,42,40,42
136,00000000000000000000000500000000,43,40,40,34
137,00000000000000000000005000000000,43,40,40,35
138,00000000000000000000050000000000,37,41,36,43
139,00000000000000000000500000000000,37,41,36,43
140,00000000000000000005000000000000,37,35,34,34
141,00000000000000000050000000000000,37,35,34,35
142,00000000000000000500000000000000,43,35,41,40
143,00000000000000005000000000000000,43,35,41,41
144,00000000000000050000000000000000,41,35,36,42
145,00000000000000500000000000000000,41,35,36,42
146,00000000000005000000000000000000,33,36,43,37
147,00000000000050000000000000000000,33,36,43,37
148,00000000000500000000000000000000,36,42,44,42
149,00000000005000000000000000000000,36,42,44,42
150,00000000050000000000000000000000,41,44,37,36
151,00000000500000000000000000000000,41,44,37,36
152,00000005000000000000000000000000,33,41,36,41
153,00000050000000000000000000000000,34,42,36,41
154,00000500000000000000000000000000,41,42,42,36
155,00005000000000000000000000000000,42,42,42,36
156,00050000000000000000000000000000,42,34,43,41
157,00500000000000000000000000000000,42,35,43,41
158,05000000000000000000000000000000,35,34,36,33
159,50000000000000000000000000000000,36,35,36,33
160,00000000000000000000000000000006,30,37,38,37
161,00000000000000000000000000000060,31,37,37,37
162,00000000000000000000000000000600,29,31,36,35
163,00000000000000000000000000006000,30,31,35,35
164,00000000000000000000000000060000,35,37,31,32
165,00000000000000000000000000600000,35,37,30,32
166,00000000000000000000000006000000,33,34,34,38
167,00000000000000000000000060000000,34,34,34,38
168,00000000000000000000000600000000,37,36,32,30
169,00000000000000000000006000000000,37,36,31,31
170,00000000000000000000060000000000,38,33,32,35
171,00000000000000000000600000000000,38,33,32,35
172,00000000000000000006000000000000,31,35,36,33
173,00000000000000000060000000000000,31,35,35,34
174,00000000000000000600000000000000,33,32,36,29
175,00000000000000006000000000000000,33,32,35,30
176,00000000000000060000000000000000,34,30,31,32
177,00000000000000600000000000000000,35,31,31,33
178,00000000000006000000000000000000,31,37,33,38
179,00000000000060000000000000000000,32,37,33,38
180,00000000000600000000000000000000,37,32,37,36
181,00000000006000000000000000000000,37,33,37,37
182,00000000060000000000000000000000,37,37,38,30
183,00000000600000000000000000000000,38,38,38,31
184,00000006000000000000000000000000,35,29,34,35
185,00000060000000000000000000000000,34,30,34,34
186,00000600000000000000000000000000,35,33,33,31
187,00006000000000000000000000000000,34,33,34,31
188,00060000000000000000000000000000,32,29,30,32
189,00600000000000000000000000000000,32,30,31,31
190,06000000000000000000000000000000,31,33,30,35
191,60000000000000000000000000000000,30,34,31,34
192,00000000000000000000000000000007,33,40,45,40
193,00000000000000000000000000000070,34,40,45,40
194,00000000000000000000000000000700,32,37,38,40
195,00000000000000000000000000007000,33,37,38,40
196,00000000000000000000000000070000,38,43,38,40
197,00000000000000000000000000700000,38,43,38,40
198,00000000000000000000000007000000,33,37,39,46
199,00000000000000000000000070000000,34,37,39,46
200,00000000000000000000000700000000,44,43,36,33
201,00000000000000000000007000000000,44,43,36,34
202,00000000000000000000070000000000,40,42,35,38
203,00000000000000000000700000000000,40,42,35,38
204,00000000000000000007000000000000,40,39,37,33
205,00000000000000000070000000000000,40,39,37,34
206,00000000000000000700000000000000,42,39,40,32
207,00000000000000007000000000000000,42,39,40,33
208,00000000000000070000000000000000,39,36,38,41
209,00000000000000700000000000000000,39,36,38,41
210,00000000000007000000000000000000,39,37,40,40
211,00000000000070000000000000000000,39,37,40,40
212,00000000000700000000000000000000,40,38,44,43
213,00000000007000000000000000000000,40,38,44,43
214,00000000070000000000000000000000,45,43,38,39
215,00000000700000000000000000000000,45,43,38,39
216,00000007000000000000000000000000,39,36,39,45
217,00000070000000000000000000000000,39,37,39,45
218,00000700000000000000000000000000,45,43,42,40
219,00007000000000000000000000000000,45,43,42,40
220,00070000000000000000000000000000,40,39,38,39
221,00700000000000000000000000000000,40,40,38,39
222,07000000000000000000000000000000,39,36,41,39
223,70000000000000000000000000000000,39,37,41,39
224,00000000000000000000000000000008,28,26,27,27
225,00000000000000000000000000000080,28,26,26,27
226,00000000000000000000000000000800,27,27,27,27
227,00000000000000000000000000008000,27,27,26,27
228,00000000000000000000000000080000,29,27,28,27
229,00000000000000000000000000800000,29,27,27,27
230,00000000000000000000000008000000,28,26,27,28
231,00000000000000000000000080000000,28,26,27,28
232,00000000000000000000000800000000,27,28,26,28
233,00000000000000000000008000000000,27,28,26,28
234,00000000000000000000080000000000,28,28,28,29
235,00000000000000000000800000000000,28,28,28,29
236,00000000000000000008000000000000,28,28,27,28
237,00000000000000000080000000000000,28,28,27,28
238,00000000000000000800000000000000,26,28,28,27
239,00000000000000008000000000000000,26,28,28,27
240,00000000000000080000000000000000,27,29,27,26
241,00000000000000800000000000000000,26,28,27,25
242,00000000000008000000000000000000,27,29,26,28
243,00000000000080000000000000000000,26,29,26,28
244,00000000000800000000000000000000,27,28,28,27
245,00000000008000000000000000000000,27,27,28,26
246,00000000080000000000000000000000,28,29,28,28
247,00000000800000000000000000000000,27,28,28,27
248,00000008000000000000000000000000,27,26,28,27
249,00000080000000000000000000000000,26,25,28,27
250,00000800000000000000000000000000,28,27,28,27
251,00008000000000000000000000000000,27,27,27,27
252,00080000000000000000000000000000,27,26,28,26
253,00800000000000000000000000000000,27,25,27,26
254,08000000000000000000000000000000,27,27,28,26
255,80000000000000000000000000000000,26,26,27,26
256,00000000000000000000000000000009,36,42,37,42
257,00000000000000000000000000000090,36,42,36,42
258,00000000000000000000000000000900,33,37,41,38
259,00000000000000000000000000009000,33,37,40,38
260,00000000000000000000000000090000,35,37,36,37
261,00000000000000000000000000900000,35,37,35,37
262,00000000000000000000000009000000,38,38,37,37
263,00000000000000000000000090000000,38,38,37,37
264,00000000000000000000000900000000,37,35,35,36
265,00000000000000000000009000000000,37,35,36,36
266,00000000000000000000090000000000,42,35,38,35
267,00000000000000000000900000000000,42,35,38,35
268,00000000000000000009000000000000,36,39,40,38
269,00000000000000000090000000000000,36,39,41,38
270,00000000000000000900000000000000,36,36,35,33
271,00000000000000009000000000000000,36,36,36,33
272,00000000000000090000000000000000,38,37,37,36
273,00000000000000900000000000000000,37,36,37,35
274,00000000000009000000000000000000,37,42,37,42
275,00000000000090000000000000000000,36,42,37,42
276,00000000000900000000000000000000,42,37,37,37
277,00000000009000000000000000000000,42,36,37,36
278,00000000090000000000000000000000,37,38,43,36
279,00000000900000000000000000000000,36,37,43,35
280,00000009000000000000000000000000,40,33,38,34
281,00000090000000000000000000000000,39,34,38,35
282,00000900000000000000000000000000,35,33,34,37
283,00009000000000000000000000000000,34,33,33,37
284,00090000000000000000000000000000,36,35,34,35
285,00900000000000000000000000000000,36,36,33,36
286,09000000000000000000000000000000,37,38,36,39
287,90000000000000000000000000000000,36,39,35,40
288,0000000000000000000000000000000a,37,41,38,42
289,000000000000000000000000000000a0,37,41,38,42
290,00000000000000000000000000000a00,37,39,38,44
291,0000000000000000000000000000a000,37,39,38,44
292,000000000000000000000000000a0000,37,38,37,40
293,00000000000000000000000000a00000,37,38,37,40
294,0000000000000000000000000a000000,37,42,41,40
295,000000000000000000000000a0000000,37,42,41,40
296,00000000000000000000000a00000000,43,38,40,37
297,0000000000000000000000a000000000,43,38,40,37
298,000000000000000000000a0000000000,42,40,42,37
299,00000000000000000000a00000000000,42,40,42,37
300,0000000000000000000a000000000000,42,38,42,37
301,000000000000000000a0000000000000,42,38,42,37
302,00000000000000000a00000000000000,42,38,39,37
303,0000000000000000a000000000000000,42,38,39,37
304,000000000000000a0000000000000000,43,42,42,41
305,00000000000000a00000000000000000,43,42,42,41
306,0000000000000a000000000000000000,39,43,45,42
307,000000000000a0000000000000000000,39,43,45,42
308,00000000000a00000000000000000000,42,43,42,42
309,0000000000a000000000000000000000,42,43,42,42
310,000000000a0000000000000000000000,39,44,43,41
311,00000000a00000000000000000000000,39,44,43,41
312,0000000a000000000000000000000000,39,41,37,39
313,000000a0000000000000000000000000,39,41,37,39
314,00000a00000000000000000000000000,39,38,38,42
315,0000a000000000000000000000000000,39,38,38,42
316,000a0000000000000000000000000000,44,40,40,43
317,00a00000000000000000000000000000,44,40,40,43
318,0a000000000000000000000000000000,41,38,39,39
319,a0000000000000000000000000000000,41,38,39,39
320,0000000000000000000000000000000b,42,44,42,45
321,000000000000000000000000000000b0,42,44,42,45
322,00000000000000000000000000000b00,38,42,43,43
323,0000000000000000000000000000b000,38,42,43,43
324,000000000000000000000000000b0000,41,42,42,43
325,00000000000000000000000000b00000,41,42,42,43
326,0000000000000000000000000b000000,42,41,42,44
327,000000000000000000000000b0000000,42,41,42,44
328,00000000000000000000000b00000000,45,44,41,42
329,0000000000000000000000b000000000,45,44,41,42
330,000000000000000000000b0000000000,44,42,43,41
331,00000000000000000000b00000000000,44,42,43,41
332,0000000000000000000b000000000000,44,44,45,42
333,000000000000000000b0000000000000,44,44,45,42
334,00000000000000000b00000000000000,42,42,43,38
335,0000000000000000b000000000000000,42,42,43,38
336,000000000000000b0000000000000000,42,45,45,41
337,00000000000000b00000000000000000,42,45,45,41
338,0000000000000b000000000000000000,42,46,44,44
339,000000000000b0000000000000000000,42,46,44,44
340,00000000000b00000000000000000000,45,44,46,44
341,0000000000b000000000000000000000,45,44,46,44
342,000000000b0000000000000000000000,43,46,46,43
343,00000000b00000000000000000000000,43,46,46,43
344,0000000b000000000000000000000000,44,40,41,45
345,000000b0000000000000000000000000,44,41,41,45
346,00000b00000000000000000000000000,45,42,42,45
347,0000b000000000000000000000000000,45,42,42,45
348,000b0000000000000000000000000000,45,43,40,44
349,00b00000000000000000000000000000,45,44,40,44
350,0b000000000000000000000000000000,44,41,43,44
351,b0000000000000000000000000000000,44,42,43,44
352,0000000000000000000000000000000c,38,36,34,37
353,000000000000000000000000000000c0,38,36,33,37
354,00000000000000000000000000000c00,33,39,35,36
355,0000000000000000000000000000c000,33,39,34,36
356,000000000000000000000000000c0000,35,33,39,40
357,00000000000000000000000000c00000,35,33,38,40
358,0000000000000000000000000c000000,36,34,34,35
359,000000000000000000000000c0000000,36,34,34,35
360,00000000000000000000000c00000000,37,35,34,38
361,0000000000000000000000c000000000,37,35,35,38
362,000000000000000000000c0000000000,36,35,40,35
363,00000000000000000000c00000000000,36,35,40,35
364,0000000000000000000c000000000000,42,36,37,36
365,000000000000000000c0000000000000,42,36,38,36
366,00000000000000000c00000000000000,36,39,34,33
367,0000000000000000c000000000000000,36,39,35,33
368,000000000000000c0000000000000000,35,41,43,35
369,00000000000000c00000000000000000,35,41,43,35
370,0000000000000c000000000000000000,39,37,38,36
371,000000000000c0000000000000000000,39,37,38,36
372,00000000000c00000000000000000000,37,36,38,36
373,0000000000c000000000000000000000,37,36,38,36
374,000000000c0000000000000000000000,34,37,38,41
375,00000000c00000000000000000000000,34,37,38,41
376,0000000c000000000000000000000000,37,37,36,36
377,000000c0000000000000000000000000,36,38,36,37
378,00000c00000000000000000000000000,37,37,36,42
379,0000c000000000000000000000000000,36,37,36,42
380,000c0000000000000000000000000000,38,41,36,37
381,00c00000000000000000000000000000,38,42,36,38
382,0c000000000000000000000000000000,42,36,40,36
383,c0000000000000000000000000000000,41,37,40,37
384,0000000000000000000000000000000d,38,46,42,46
385,000000000000000000000000000000d0,38,46,42,46
386,00000000000000000000000000000d00,35,43,43,42
387,0000000000000000000000000000d000,35,43,43,42
388,000000000000000000000000000d0000,37,42,41,44
389,00000000000000000000000000d00000,37,42,41,44
390,0000000000000000000000000d000000,38,41,40,43
391,000000000000000000000000d0000000,38,41,40,43
392,00000000000000000000000d00000000,43,38,38,38
393,0000000000000000000000d000000000,43,38,39,38
394,000000000000000000000d0000000000,42,38,41,37
395,00000000000000000000d00000000000,42,38,41,37
396,0000000000000000000d000000000000,42,39,41,38
397,000000000000000000d0000000000000,42,39,42,38
398,00000000000000000d00000000000000,42,39,37,35
399,0000000000000000d000000000000000,42,39,38,35
400,000000000000000d0000000000000000,41,41,44,41
401,00000000000000d00000000000000000,41,41,44,41
402,0000000000000d000000000000000000,43,42,44,42
403,000000000000d0000000000000000000,43,42,44,42
404,00000000000d00000000000000000000,46,41,43,42
405,0000000000d000000000000000000000,46,41,43,42
406,000000000d0000000000000000000000,42,42,44,41
407,00000000d00000000000000000000000,42,42,44,41
408,0000000d000000000000000000000000,43,40,41,42
409,000000d0000000000000000000000000,43,40,41,43
410,00000d00000000000000000000000000,42,42,41,46
411,0000d000000000000000000000000000,42,42,41,46
412,000d0000000000000000000000000000,42,45,38,41
413,00d00000000000000000000000000000,42,45,38,42
414,0d000000000000000000000000000000,45,42,43,43
415,d0000000000000000000000000000000,45,42,43,44
416,0000000000000000000000000000000e,42,44,44,45
417,000000000000000000000000000000e0,42,44,44,45
418,00000000000000000000000000000e00,38,42,43,45
419,0000000000000000000000000000e000,38,42,43,45
420,000000000000000000000000000e0000,41,42,44,45
421,00000000000000000000000000e00000,41,42,44,45
422,0000000000000000000000000e000000,42,41,44,46
423,000000000000000000000000e0000000,42,41,44,46
424,00000000000000000000000e00000000,45,44,39,42
425,0000000000000000000000e000000000,45,44,40,42
426,000000000000000000000e0000000000,44,42,43,41
427,00000000000000000000e00000000000,44,42,43,41
428,0000000000000000000e000000000000,44,42,43,42
429,000000000000000000e0000000000000,44,42,44,42
430,00000000000000000e00000000000000,42,44,41,38
431,0000000000000000e000000000000000,42,44,42,38
432,000000000000000e0000000000000000,44,45,45,41
433,00000000000000e00000000000000000,44,45,45,41
434,0000000000000e000000000000000000,44,46,44,44
435,000000000000e0000000000000000000,44,46,44,44
436,00000000000e00000000000000000000,45,44,46,44
437,0000000000e000000000000000000000,45,44,46,44
438,000000000e0000000000000000000000,45,46,46,43
439,00000000e00000000000000000000000,45,46,46,43
440,0000000e000000000000000000000000,42,40,41,43
441,000000e0000000000000000000000000,42,41,41,44
442,00000e00000000000000000000000000,43,42,42,45
443,0000e000000000000000000000000000,43,42,42,45
444,000e0000000000000000000000000000,43,43,40,42
445,00e00000000000000000000000000000,43,44,40,43
446,0e000000000000000000000000000000,44,41,43,42
447,e0000000000000000000000000000000,44,42,43,43
448,0000000000000000000000000000000f,42,46,45,47
449,000000000000000000000000000000f0,42,46,45,47
450,00000000000000000000000000000f00,38,44,44,46
451,0000000000000000000000000000f000,38,44,44,46
452,000000000000000000000000000f0000,41,43,45,47
453,00000000000000000000000000f00000,41,43,45,47
454,0000000000000000000000000f000000,42,42,44,47
455,000000000000000000000000f0000000,42,42,44,47
456,00000000000000000000000f00000000,45,46,42,42
457,0000000000000000000000f000000000,45,46,42,42
458,000000000000000000000f0000000000,46,46,44,41
459,00000000000000000000f00000000000,46,46,44,41
460,0000000000000000000f000000000000,46,46,46,42
461,000000000000000000f0000000000000,46,46,46,42
462,00000000000000000f00000000000000,44,46,43,38
463,0000000000000000f000000000000000,44,46,43,38
464,000000000000000f0000000000000000,45,45,46,43
465,00000000000000f00000000000000000,45,45,46,43
466,0000000000000f000000000000000000,46,46,45,46
467,000000000000f0000000000000000000,46,46,45,46
468,00000000000f00000000000000000000,47,44,46,44
469,0000000000f000000000000000000000,47,44,46,44
470,000000000f0000000000000000000000,46,46,47,45
471,00000000f00000000000000000000000,46,46,47,45
472,0000000f000000000000000000000000,46,41,44,46
473,000000f0000000000000000000000000,46,42,44,46
474,00000f00000000000000000000000000,46,43,43,47
475,0000f000000000000000000000000000,46,43,43,47
476,000f0000000000000000000000000000,46,45,42,45
477,00f00000000000000000000000000000,46,46,42,45
478,0f000000000000000000000000000000,46,43,46,46
479,f0000000000000000000000000000000,46,44,46,46
