,Input_diff,Round0,Round1,Round2,Round3
0,00000000000000000000000000000001,47,46,48,46
1,00000000000000000000000000000010,47,46,48,47
2,00000000000000000000000000000100,47,47,47,44
3,00000000000000000000000000001000,47,47,48,45
4,00000000000000000000000000010000,45,49,47,44
5,00000000000000000000000000100000,45,49,47,43
6,00000000000000000000000001000000,46,46,47,47
7,00000000000000000000000010000000,47,46,47,47
8,00000000000000000000000100000000,51,46,48,49
9,00000000000000000000001000000000,51,47,47,49
10,00000000000000000000010000000000,46,49,46,46
11,00000000000000000000100000000000,46,48,47,46
12,00000000000000000001000000000000,47,46,45,46
13,00000000000000000010000000000000,47,47,46,45
14,00000000000000000100000000000000,48,46,48,46
15,00000000000000001000000000000000,47,47,48,46
16,00000000000000010000000000000000,52,47,46,50
17,00000000000000100000000000000000,52,47,46,50
18,00000000000001000000000000000000,46,47,45,46
19,00000000000010000000000000000000,47,46,46,45
20,00000000000100000000000000000000,49,46,49,46
21,00000000001000000000000000000000,49,46,49,46
22,00000000010000000000000000000000,47,47,47,46
23,00000000100000000000000000000000,48,47,47,46
24,00000001000000000000000000000000,48,46,48,48
25,00000010000000000000000000000000,48,46,48,48
26,00000100000000000000000000000000,50,47,46,46
27,00001000000000000000000000000000,50,47,45,46
28,00010000000000000000000000000000,46,48,47,46
29,00100000000000000000000000000000,46,48,47,46
30,01000000000000000000000000000000,46,46,45,47
31,10000000000000000000000000000000,46,46,45,46
32,00000000000000000000000000000002,47,46,47,47
33,00000000000000000000000000000020,47,45,47,46
34,00000000000000000000000000000200,48,47,47,46
35,00000000000000000000000000002000,48,47,48,47
36,00000000000000000000000000020000,46,47,48,45
37,00000000000000000000000000200000,46,47,48,44
38,00000000000000000000000002000000,46,48,47,48
39,00000000000000000000000020000000,45,48,47,49
40,00000000000000000000000200000000,46,46,46,46
41,00000000000000000000002000000000,46,45,47,46
42,00000000000000000000020000000000,46,49,46,46
43,00000000000000000000200000000000,46,50,47,46
44,00000000000000000002000000000000,47,47,46,46
45,00000000000000000020000000000000,47,46,47,45
46,00000000000000000200000000000000,46,46,50,46
47,00000000000000002000000000000000,47,47,49,46
48,00000000000000020000000000000000,46,47,46,48
49,00000000000000200000000000000000,46,47,46,48
50,00000000000002000000000000000000,48,47,49,46
51,00000000000020000000000000000000,47,46,48,45
52,00000000000200000000000000000000,46,46,49,46
53,00000000002000000000000000000000,46,46,49,46
54,00000000020000000000000000000000,47,48,46,45
55,00000000200000000000000000000000,46,48,46,45
56,00000002000000000000000000000000,45,46,48,48
57,00000020000000000000000000000000,46,46,48,48
58,00000200000000000000000000000000,50,48,47,47
59,00002000000000000000000000000000,50,48,48,47
60,00020000000000000000000000000000,46,48,45,47
61,00200000000000000000000000000000,46,48,45,47
62,02000000000000000000000000000000,45,45,46,46
63,20000000000000000000000000000000,45,46,46,47
64,00000000000000000000000000000003,57,58,62,62
65,00000000000000000000000000000030,57,58,62,62
66,00000000000000000000000000000300,47,47,48,44
67,00000000000000000000000000003000,47,47,49,45
68,00000000000000000000000000030000,46,49,48,45
69,00000000000000000000000000300000,46,49,48,44
70,00000000000000000000000003000000,65,61,64,55
71,00000000000000000000000030000000,65,61,63,56
72,00000000000000000000000300000000,53,67,58,66
73,00000000000000000000003000000000,53,66,58,66
74,00000000000000000000030000000000,47,49,48,47
75,00000000000000000000300000000000,47,48,47,47
76,00000000000000000003000000000000,48,47,49,46
77,00000000000000000030000000000000,48,46,48,45
78,00000000000000000300000000000000,59,63,63,59
79,00000000000000003000000000000000,59,62,62,59
80,00000000000000030000000000000000,61,58,58,56
81,00000000000000300000000000000000,61,58,58,57
82,00000000000003000000000000000000,46,47,45,48
83,00000000000030000000000000000000,47,46,46,47
84,00000000000300000000000000000000,47,47,49,47
85,00000000003000000000000000000000,47,47,49,47
86,00000000030000000000000000000000,57,55,62,60
87,00000000300000000000000000000000,58,55,62,60
88,00000003000000000000000000000000,62,64,55,61
89,00000030000000000000000000000000,61,64,55,61
90,00000300000000000000000000000000,53,47,46,46
91,00003000000000000000000000000000,53,47,45,46
92,00030000000000000000000000000000,47,48,47,48
93,00300000000000000000000000000000,47,48,47,48
94,03000000000000000000000000000000,60,59,56,59
95,30000000000000000000000000000000,61,58,56,60
96,00000000000000000000000000000004,46,45,47,46
97,00000000000000000000000000000040,46,45,47,45
98,00000000000000000000000000000400,47,47,47,44
99,00000000000000000000000000004000,47,47,48,45
100,00000000000000000000000000040000,46,50,48,44
101,00000000000000000000000000400000,46,50,48,45
102,00000000000000000000000004000000,46,46,47,47
103,00000000000000000000000040000000,47,46,47,47
104,00000000000000000000000400000000,50,46,46,48
105,00000000000000000000004000000000,50,45,47,48
106,00000000000000000000040000000000,46,49,46,46
107,00000000000000000000400000000000,46,48,47,46
108,00000000000000000004000000000000,48,48,47,46
109,00000000000000000040000000000000,48,47,46,47
110,00000000000000000400000000000000,48,46,48,46
111,00000000000000004000000000000000,47,47,48,46
112,00000000000000040000000000000000,51,46,45,49
113,00000000000000400000000000000000,51,46,45,49
114,00000000000004000000000000000000,46,47,45,46
115,00000000000040000000000000000000,47,46,46,45
116,00000000000400000000000000000000,50,47,50,47
117,00000000004000000000000000000000,50,47,50,47
118,00000000040000000000000000000000,47,47,47,46
119,00000000400000000000000000000000,48,47,47,46
120,00000004000000000000000000000000,47,45,47,47
121,00000040000000000000000000000000,47,45,47,47
122,00000400000000000000000000000000,50,47,46,46
123,00004000000000000000000000000000,50,47,45,46
124,00040000000000000000000000000000,47,49,48,47
125,00400000000000000000000000000000,47,49,48,47
126,04000000000000000000000000000000,46,46,45,47
127,40000000000000000000000000000000,46,46,45,46
128,00000000000000000000000000000005,67,66,69,70
129,00000000000000000000000000000050,68,66,69,70
130,00000000000000000000000000000500,48,47,47,46
131,00000000000000000000000000005000,48,47,48,47
132,00000000000000000000000000050000,65,75,67,70
133,00000000000000000000000000500000,65,75,67,71
134,00000000000000000000000005000000,46,49,48,50
135,00000000000000000000000050000000,47,49,48,49
136,00000000000000000000000500000000,73,72,70,69
137,00000000000000000000005000000000,73,72,70,69
138,00000000000000000000050000000000,46,49,46,46
139,00000000000000000000500000000000,46,50,47,46
140,00000000000000000005000000000000,67,70,68,66
141,00000000000000000050000000000000,67,69,68,66
142,00000000000000000500000000000000,48,48,50,47
143,00000000000000005000000000000000,47,47,51,47
144,00000000000000050000000000000000,74,67,69,67
145,00000000000000500000000000000000,74,67,69,67
146,00000000000005000000000000000000,48,47,49,46
147,00000000000050000000000000000000,47,46,48,45
148,00000000000500000000000000000000,73,69,73,67
149,00000000005000000000000000000000,73,69,73,67
150,00000000050000000000000000000000,47,49,47,46
151,00000000500000000000000000000000,48,49,47,46
152,00000005000000000000000000000000,67,66,72,69
153,00000050000000000000000000000000,67,66,72,69
154,00000500000000000000000000000000,50,48,47,47
155,00005000000000000000000000000000,50,48,48,47
156,00050000000000000000000000000000,69,74,66,65
157,00500000000000000000000000000000,69,74,66,65
158,05000000000000000000000000000000,46,47,47,48
159,50000000000000000000000000000000,46,46,47,47
160,00000000000000000000000000000006,47,46,48,47
161,00000000000000000000000000000060,47,46,48,46
162,00000000000000000000000000000600,47,47,48,44
163,00000000000000000000000000006000,47,47,49,45
164,00000000000000000000000000060000,60,62,59,54
165,00000000000000000000000000600000,59,62,59,55
166,00000000000000000000000006000000,65,61,64,55
167,00000000000000000000000060000000,65,61,63,56
168,00000000000000000000000600000000,46,47,47,47
169,00000000000000000000006000000000,46,46,48,47
170,00000000000000000000060000000000,47,49,48,47
171,00000000000000000000600000000000,47,48,47,47
172,00000000000000000006000000000000,55,51,64,52
173,00000000000000000060000000000000,55,50,63,52
174,00000000000000000600000000000000,59,63,63,59
175,00000000000000006000000000000000,59,62,62,59
176,00000000000000060000000000000000,47,47,46,50
177,00000000000000600000000000000000,47,47,46,50
178,00000000000006000000000000000000,46,47,45,48
179,00000000000060000000000000000000,47,46,46,47
180,00000000000600000000000000000000,56,57,58,59
181,00000000006000000000000000000000,56,57,58,59
182,00000000060000000000000000000000,57,55,62,60
183,00000000600000000000000000000000,58,55,62,60
184,00000006000000000000000000000000,47,51,48,48
185,00000060000000000000000000000000,48,51,48,48
186,00000600000000000000000000000000,51,47,46,46
187,00006000000000000000000000000000,51,47,45,46
188,00060000000000000000000000000000,52,64,60,61
189,00600000000000000000000000000000,52,64,60,61
190,06000000000000000000000000000000,60,59,56,59
191,60000000000000000000000000000000,61,58,56,60
192,00000000000000000000000000000007,57,58,62,62
193,00000000000000000000000000000070,57,58,62,62
194,00000000000000000000000000000700,57,55,54,51
195,00000000000000000000000000007000,57,56,55,52
196,00000000000000000000000000070000,60,62,59,54
197,00000000000000000000000000700000,59,62,59,55
198,00000000000000000000000007000000,65,61,64,66
199,00000000000000000000000070000000,65,61,64,66
200,00000000000000000000000700000000,53,67,58,66
201,00000000000000000000007000000000,53,66,58,66
202,00000000000000000000070000000000,50,56,56,48
203,00000000000000000000700000000000,50,56,57,48
204,00000000000000000007000000000000,55,51,64,52
205,00000000000000000070000000000000,55,50,63,52
206,00000000000000000700000000000000,69,66,66,71
207,00000000000000007000000000000000,69,66,66,71
208,00000000000000070000000000000000,61,58,58,60
209,00000000000000700000000000000000,61,58,58,61
210,00000000000007000000000000000000,59,51,57,56
211,00000000000070000000000000000000,60,50,57,55
212,00000000000700000000000000000000,56,58,58,62
213,00000000007000000000000000000000,56,58,58,62
214,00000000070000000000000000000000,62,67,63,60
215,00000000700000000000000000000000,62,67,63,60
216,00000007000000000000000000000000,62,66,55,61
217,00000070000000000000000000000000,61,66,55,61
218,00000700000000000000000000000000,51,55,50,55
219,00007000000000000000000000000000,51,55,50,55
220,00070000000000000000000000000000,52,64,60,61
221,00700000000000000000000000000000,52,64,60,61
222,07000000000000000000000000000000,64,71,69,60
223,70000000000000000000000000000000,64,71,69,60
224,00000000000000000000000000000008,47,45,47,46
225,00000000000000000000000000000080,47,46,47,47
226,00000000000000000000000000000800,47,46,47,46
227,00000000000000000000000000008000,47,46,46,45
228,00000000000000000000000000080000,46,47,48,44
229,00000000000000000000000000800000,46,47,48,45
230,00000000000000000000000008000000,47,49,48,49
231,00000000000000000000000080000000,46,49,48,50
232,00000000000000000000000800000000,46,45,47,46
233,00000000000000000000008000000000,46,46,46,46
234,00000000000000000000080000000000,45,49,46,45
235,00000000000000000000800000000000,45,48,45,45
236,00000000000000000008000000000000,47,46,47,45
237,00000000000000000080000000000000,47,47,46,46
238,00000000000000000800000000000000,47,47,51,47
239,00000000000000008000000000000000,48,48,50,47
240,00000000000000080000000000000000,46,47,46,48
241,00000000000000800000000000000000,46,47,46,48
242,00000000000008000000000000000000,46,45,47,44
243,00000000000080000000000000000000,47,46,48,45
244,00000000000800000000000000000000,46,46,49,46
245,00000000008000000000000000000000,46,46,49,46
246,00000000080000000000000000000000,48,49,47,46
247,00000000800000000000000000000000,47,49,47,46
248,00000008000000000000000000000000,46,46,48,48
249,00000080000000000000000000000000,45,46,48,48
250,00000800000000000000000000000000,49,47,47,46
251,00008000000000000000000000000000,49,47,46,46
252,00080000000000000000000000000000,46,48,45,47
253,00800000000000000000000000000000,46,48,45,47
254,08000000000000000000000000000000,46,46,47,47
255,80000000000000000000000000000000,46,47,47,48
256,00000000000000000000000000000009,47,45,47,46
257,00000000000000000000000000000090,47,46,47,47
258,00000000000000000000000000000900,61,62,64,62
259,00000000000000000000000000009000,61,62,63,62
260,00000000000000000000000000090000,58,61,58,54
261,00000000000000000000000000900000,59,61,58,53
262,00000000000000000000000009000000,66,62,65,56
263,00000000000000000000000090000000,66,62,64,57
264,00000000000000000000000900000000,46,45,47,46
265,00000000000000000000009000000000,46,46,46,46
266,00000000000000000000090000000000,65,59,54,62
267,00000000000000000000900000000000,65,58,53,63
268,00000000000000000009000000000000,54,49,62,51
269,00000000000000000090000000000000,54,50,63,51
270,00000000000000000900000000000000,60,64,64,60
271,00000000000000009000000000000000,60,63,63,60
272,00000000000000090000000000000000,46,48,48,48
273,00000000000000900000000000000000,46,48,48,48
274,00000000000009000000000000000000,64,59,62,56
275,00000000000090000000000000000000,64,59,62,55
276,00000000000900000000000000000000,55,56,57,58
277,00000000009000000000000000000000,55,56,57,58
278,00000000090000000000000000000000,58,56,63,61
279,00000000900000000000000000000000,59,56,63,61
280,00000009000000000000000000000000,46,46,48,48
281,00000090000000000000000000000000,45,46,48,48
282,00000900000000000000000000000000,66,63,65,62
283,00009000000000000000000000000000,66,63,64,62
284,00090000000000000000000000000000,51,63,59,60
285,00900000000000000000000000000000,51,63,59,60
286,09000000000000000000000000000000,61,60,57,60
287,90000000000000000000000000000000,62,59,57,61
288,0000000000000000000000000000000a,57,58,62,62
289,000000000000000000000000000000a0,57,58,62,62
290,00000000000000000000000000000a00,67,68,64,62
291,0000000000000000000000000000a000,67,68,64,62
292,000000000000000000000000000a0000,59,62,59,54
293,00000000000000000000000000a00000,59,62,59,54
294,0000000000000000000000000a000000,69,73,62,65
295,000000000000000000000000a0000000,69,73,62,65
296,00000000000000000000000a00000000,53,66,58,66
297,0000000000000000000000a000000000,53,66,58,66
298,000000000000000000000a0000000000,70,67,67,70
299,00000000000000000000a00000000000,70,67,67,70
300,0000000000000000000a000000000000,55,50,63,52
301,000000000000000000a0000000000000,55,50,63,52
302,00000000000000000a00000000000000,59,62,67,65
303,0000000000000000a000000000000000,59,62,67,65
304,000000000000000a0000000000000000,61,58,58,56
305,00000000000000a00000000000000000,61,58,58,56
306,0000000000000a000000000000000000,64,59,62,65
307,000000000000a0000000000000000000,64,59,62,64
308,00000000000a00000000000000000000,56,57,58,59
309,0000000000a000000000000000000000,56,57,58,59
310,000000000a0000000000000000000000,67,67,73,67
311,00000000a00000000000000000000000,66,67,73,67
312,0000000a000000000000000000000000,61,64,55,61
313,000000a0000000000000000000000000,61,64,55,61
314,00000a00000000000000000000000000,69,63,70,66
315,0000a000000000000000000000000000,69,63,70,66
316,000a0000000000000000000000000000,52,64,60,61
317,00a00000000000000000000000000000,52,64,60,61
318,0a000000000000000000000000000000,61,65,63,68
319,a0000000000000000000000000000000,60,64,63,67
320,0000000000000000000000000000000b,57,58,62,62
321,000000000000000000000000000000b0,57,58,62,62
322,00000000000000000000000000000b00,61,62,64,68
323,0000000000000000000000000000b000,61,62,63,69
324,000000000000000000000000000b0000,59,62,59,54
325,00000000000000000000000000b00000,59,62,59,55
326,0000000000000000000000000b000000,80,78,71,67
327,000000000000000000000000b0000000,79,77,71,67
328,00000000000000000000000b00000000,53,66,58,66
329,0000000000000000000000b000000000,53,67,58,66
330,000000000000000000000b0000000000,65,59,54,62
331,00000000000000000000b00000000000,65,58,53,63
332,0000000000000000000b000000000000,55,50,63,52
333,000000000000000000b0000000000000,55,50,63,52
334,00000000000000000b00000000000000,69,71,72,71
335,0000000000000000b000000000000000,69,72,72,71
336,000000000000000b0000000000000000,61,58,58,57
337,00000000000000b00000000000000000,61,58,58,56
338,0000000000000b000000000000000000,65,63,67,56
339,000000000000b0000000000000000000,64,62,67,55
340,00000000000b00000000000000000000,56,58,58,62
341,0000000000b000000000000000000000,56,58,58,62
342,000000000b0000000000000000000000,69,69,75,71
343,00000000b00000000000000000000000,68,69,75,71
344,0000000b000000000000000000000000,61,64,55,61
345,000000b0000000000000000000000000,62,64,55,61
346,00000b00000000000000000000000000,66,66,65,62
347,0000b000000000000000000000000000,66,66,64,62
348,000b0000000000000000000000000000,52,64,60,61
349,00b00000000000000000000000000000,52,64,60,61
350,0b000000000000000000000000000000,69,71,72,68
351,b0000000000000000000000000000000,70,70,72,67
352,0000000000000000000000000000000c,56,57,61,61
353,000000000000000000000000000000c0,56,57,61,61
354,00000000000000000000000000000c00,61,62,64,62
355,0000000000000000000000000000c000,61,62,63,62
356,000000000000000000000000000c0000,46,47,48,48
357,00000000000000000000000000c00000,46,47,48,47
358,0000000000000000000000000c000000,66,62,65,56
359,000000000000000000000000c0000000,66,62,64,57
360,00000000000000000000000c00000000,52,65,57,65
361,0000000000000000000000c000000000,52,66,57,65
362,000000000000000000000c0000000000,65,59,54,62
363,00000000000000000000c00000000000,65,58,53,63
364,0000000000000000000c000000000000,47,46,47,45
365,000000000000000000c0000000000000,47,47,48,46
366,00000000000000000c00000000000000,60,64,64,60
367,0000000000000000c000000000000000,60,63,63,60
368,000000000000000c0000000000000000,60,57,57,56
369,00000000000000c00000000000000000,60,57,57,55
370,0000000000000c000000000000000000,64,59,62,56
371,000000000000c0000000000000000000,64,59,62,55
372,00000000000c00000000000000000000,46,46,49,46
373,0000000000c000000000000000000000,46,46,49,46
374,000000000c0000000000000000000000,58,56,63,61
375,00000000c00000000000000000000000,59,56,63,61
376,0000000c000000000000000000000000,60,63,54,60
377,000000c0000000000000000000000000,61,63,54,60
378,00000c00000000000000000000000000,66,63,65,62
379,0000c000000000000000000000000000,66,63,64,62
380,000c0000000000000000000000000000,46,48,45,49
381,00c00000000000000000000000000000,46,48,45,49
382,0c000000000000000000000000000000,61,60,57,60
383,c0000000000000000000000000000000,62,59,57,61
384,0000000000000000000000000000000d,56,57,61,61
385,000000000000000000000000000000d0,56,57,61,61
386,00000000000000000000000000000d00,67,71,64,62
387,0000000000000000000000000000d000,67,71,64,62
388,000000000000000000000000000d0000,58,61,58,54
389,00000000000000000000000000d00000,59,61,58,53
390,0000000000000000000000000d000000,66,62,65,67
391,000000000000000000000000d0000000,66,62,65,67
392,00000000000000000000000d00000000,52,65,57,65
393,0000000000000000000000d000000000,52,66,57,65
394,000000000000000000000d0000000000,70,67,67,70
395,00000000000000000000d00000000000,70,67,67,70
396,0000000000000000000d000000000000,54,49,62,51
397,000000000000000000d0000000000000,54,50,63,51
398,00000000000000000d00000000000000,70,67,67,72
399,0000000000000000d000000000000000,70,67,67,72
400,000000000000000d0000000000000000,60,57,57,56
401,00000000000000d00000000000000000,60,57,57,55
402,0000000000000d000000000000000000,64,59,62,65
403,000000000000d0000000000000000000,64,59,62,65
404,00000000000d00000000000000000000,55,56,57,58
405,0000000000d000000000000000000000,55,56,57,58
406,000000000d0000000000000000000000,63,68,64,61
407,00000000d00000000000000000000000,63,68,64,61
408,0000000d000000000000000000000000,60,63,54,60
409,000000d0000000000000000000000000,61,63,54,60
410,00000d00000000000000000000000000,69,63,70,66
411,0000d000000000000000000000000000,69,63,70,66
412,000d0000000000000000000000000000,51,63,59,60
413,00d00000000000000000000000000000,51,63,59,60
414,0d000000000000000000000000000000,65,72,70,61
415,d0000000000000000000000000000000,65,72,70,61
416,0000000000000000000000000000000e,57,58,62,62
417,000000000000000000000000000000e0,57,58,62,62
418,00000000000000000000000000000e00,61,62,64,68
419,0000000000000000000000000000e000,61,62,63,69
420,000000000000000000000000000e0000,59,62,59,55
421,00000000000000000000000000e00000,60,62,59,54
422,0000000000000000000000000e000000,80,78,71,67
423,000000000000000000000000e0000000,79,77,71,67
424,00000000000000000000000e00000000,53,67,58,66
425,0000000000000000000000e000000000,53,66,58,66
426,000000000000000000000e0000000000,65,59,54,62
427,00000000000000000000e00000000000,65,58,53,63
428,0000000000000000000e000000000000,55,50,63,52
429,000000000000000000e0000000000000,55,51,64,52
430,00000000000000000e00000000000000,69,71,72,71
431,0000000000000000e000000000000000,69,72,72,71
432,000000000000000e0000000000000000,61,58,58,60
433,00000000000000e00000000000000000,61,58,58,60
434,0000000000000e000000000000000000,65,63,67,56
435,000000000000e0000000000000000000,64,62,67,55
436,00000000000e00000000000000000000,56,57,58,59
437,0000000000e000000000000000000000,56,57,58,59
438,000000000e0000000000000000000000,69,69,75,71
439,00000000e00000000000000000000000,68,69,75,71
440,0000000e000000000000000000000000,61,66,55,61
441,000000e0000000000000000000000000,61,66,55,61
442,00000e00000000000000000000000000,66,66,65,62
443,0000e000000000000000000000000000,66,66,64,62
444,000e0000000000000000000000000000,52,64,60,61
445,00e00000000000000000000000000000,52,64,60,61
446,0e000000000000000000000000000000,69,71,72,68
447,e0000000000000000000000000000000,70,70,72,67
448,0000000000000000000000000000000f,57,58,62,62
449,000000000000000000000000000000f0,57,58,62,62
450,00000000000000000000000000000f00,69,68,65,68
451,0000000000000000000000000000f000,69,68,64,69
452,000000000000000000000000000f0000,59,62,59,61
453,00000000000000000000000000f00000,60,62,59,60
454,0000000000000000000000000f000000,77,77,74,76
455,000000000000000000000000f0000000,78,77,74,76
456,00000000000000000000000f00000000,53,67,58,66
457,0000000000000000000000f000000000,53,67,58,66
458,000000000000000000000f0000000000,71,69,67,71
459,00000000000000000000f00000000000,71,68,67,70
460,0000000000000000000f000000000000,55,50,63,52
461,000000000000000000f0000000000000,55,51,64,52
462,00000000000000000f00000000000000,78,72,74,77
463,0000000000000000f000000000000000,78,71,74,77
464,000000000000000f0000000000000000,61,58,60,61
465,00000000000000f00000000000000000,61,58,59,60
466,0000000000000f000000000000000000,72,66,70,65
467,000000000000f0000000000000000000,71,65,71,64
468,00000000000f00000000000000000000,61,58,63,62
469,0000000000f000000000000000000000,62,58,63,62
470,000000000f0000000000000000000000,71,72,77,75
471,00000000f00000000000000000000000,71,72,77,75
472,0000000f000000000000000000000000,61,66,55,61
473,000000f0000000000000000000000000,62,66,55,61
474,00000f00000000000000000000000000,70,72,71,67
475,0000f000000000000000000000000000,69,72,70,67
476,000f0000000000000000000000000000,52,64,60,61
477,00f00000000000000000000000000000,52,64,60,61
478,0f000000000000000000000000000000,77,77,73,77
479,f0000000000000000000000000000000,76,77,73,76
