,Input_diff,Round3,Round2,Round1,Round0
0,00000000000000000000000000000001,7,6,7,6
1,00000000000000000000000000000010,6,6,7,6
2,00000000000000000000000000000100,7,7,6,7
3,00000000000000000000000000001000,6,7,6,7
4,00000000000000000000000000010000,7,7,7,7
5,00000000000000000000000000100000,6,7,7,7
6,00000000000000000000000001000000,6,7,7,7
7,00000000000000000000000010000000,6,7,7,7
8,00000000000000000000000100000000,7,7,7,7
9,00000000000000000000001000000000,7,6,6,7
10,00000000000000000000010000000000,6,7,7,7
11,00000000000000000000100000000000,6,6,6,7
12,00000000000000000001000000000000,7,6,6,6
13,00000000000000000010000000000000,7,6,6,6
14,00000000000000000100000000000000,7,7,7,7
15,00000000000000001000000000000000,7,6,6,7
16,00000000000000010000000000000000,7,7,7,7
17,00000000000000100000000000000000,7,7,7,6
18,00000000000001000000000000000000,7,6,7,6
19,00000000000010000000000000000000,7,6,7,6
20,00000000000100000000000000000000,6,7,7,7
21,00000000001000000000000000000000,6,7,7,6
22,00000000010000000000000000000000,7,7,6,7
23,00000000100000000000000000000000,7,7,6,6
24,00000001000000000000000000000000,6,7,6,7
25,00000010000000000000000000000000,6,7,6,7
26,00000100000000000000000000000000,7,7,7,7
27,00001000000000000000000000000000,7,7,7,7
28,00010000000000000000000000000000,7,7,7,7
29,00100000000000000000000000000000,7,7,7,7
30,01000000000000000000000000000000,7,6,7,6
31,10000000000000000000000000000000,7,6,7,6
32,00000000000000000000000000000002,6,7,6,7
33,00000000000000000000000000000020,7,7,6,7
34,00000000000000000000000000000200,6,7,7,7
35,00000000000000000000000000002000,7,7,7,7
36,00000000000000000000000000020000,5,6,7,7
37,00000000000000000000000000200000,6,6,7,7
38,00000000000000000000000002000000,7,7,7,6
39,00000000000000000000000020000000,7,7,7,6
40,00000000000000000000000200000000,6,5,6,7
41,00000000000000000000002000000000,6,6,7,7
42,00000000000000000000020000000000,7,6,6,6
43,00000000000000000000200000000000,7,7,7,6
44,00000000000000000002000000000000,7,7,7,7
45,00000000000000000020000000000000,7,7,7,7
46,00000000000000000200000000000000,7,6,5,7
47,00000000000000002000000000000000,7,7,6,7
48,00000000000000020000000000000000,7,7,7,6
49,00000000000000200000000000000000,7,7,7,7
50,00000000000002000000000000000000,7,7,7,7
51,00000000000020000000000000000000,7,7,7,7
52,00000000000200000000000000000000,7,7,6,5
53,00000000002000000000000000000000,7,7,6,6
54,00000000020000000000000000000000,6,6,7,6
55,00000000200000000000000000000000,6,6,7,7
56,00000002000000000000000000000000,7,7,7,6
57,00000020000000000000000000000000,7,7,7,6
58,00000200000000000000000000000000,6,6,6,7
59,00002000000000000000000000000000,6,6,6,7
60,00020000000000000000000000000000,7,7,7,7
61,00200000000000000000000000000000,7,7,7,7
62,02000000000000000000000000000000,7,7,7,7
63,20000000000000000000000000000000,7,7,7,7
64,00000000000000000000000000000003,10,8,11,8
65,00000000000000000000000000000030,10,8,11,8
66,00000000000000000000000000000300,8,11,8,9
67,00000000000000000000000000003000,8,11,8,9
68,00000000000000000000000000030000,10,11,11,11
69,00000000000000000000000000300000,10,11,11,11
70,00000000000000000000000003000000,8,9,9,11
71,00000000000000000000000030000000,8,9,9,11
72,00000000000000000000000300000000,11,10,8,11
73,00000000000000000000003000000000,11,10,8,11
74,00000000000000000000030000000000,8,8,10,11
75,00000000000000000000300000000000,8,8,10,11
76,00000000000000000003000000000000,11,8,8,8
77,00000000000000000030000000000000,11,8,8,8
78,00000000000000000300000000000000,9,10,10,9
79,00000000000000003000000000000000,9,10,10,9
80,00000000000000030000000000000000,9,11,11,8
81,00000000000000300000000000000000,9,11,11,8
82,00000000000003000000000000000000,11,8,9,8
83,00000000000030000000000000000000,11,8,9,8
84,00000000000300000000000000000000,8,9,11,10
85,00000000003000000000000000000000,8,9,11,10
86,00000000030000000000000000000000,11,11,8,10
87,00000000300000000000000000000000,11,11,8,10
88,00000003000000000000000000000000,8,9,8,11
89,00000030000000000000000000000000,8,9,8,11
90,00000300000000000000000000000000,11,11,11,11
91,00003000000000000000000000000000,11,11,11,11
92,00030000000000000000000000000000,9,11,9,9
93,00300000000000000000000000000000,9,11,9,9
94,03000000000000000000000000000000,11,8,11,8
95,30000000000000000000000000000000,11,8,11,8
96,00000000000000000000000000000004,5,7,7,7
97,00000000000000000000000000000040,6,7,7,7
98,00000000000000000000000000000400,6,6,7,7
99,00000000000000000000000000004000,7,6,7,7
100,00000000000000000000000000040000,6,7,6,6
101,00000000000000000000000000400000,7,7,6,6
102,00000000000000000000000004000000,7,7,7,7
103,00000000000000000000000040000000,7,7,7,7
104,00000000000000000000000400000000,7,6,6,6
105,00000000000000000000004000000000,7,7,7,6
106,00000000000000000000040000000000,7,6,5,7
107,00000000000000000000400000000000,7,7,6,7
108,00000000000000000004000000000000,6,7,7,7
109,00000000000000000040000000000000,6,7,7,7
110,00000000000000000400000000000000,7,5,6,7
111,00000000000000004000000000000000,7,6,7,7
112,00000000000000040000000000000000,7,6,6,6
113,00000000000000400000000000000000,7,6,6,7
114,00000000000004000000000000000000,6,7,7,7
115,00000000000040000000000000000000,6,7,7,7
116,00000000000400000000000000000000,7,7,7,6
117,00000000004000000000000000000000,7,7,7,7
118,00000000040000000000000000000000,7,7,7,5
119,00000000400000000000000000000000,7,7,7,6
120,00000004000000000000000000000000,7,7,7,7
121,00000040000000000000000000000000,7,7,7,7
122,00000400000000000000000000000000,7,7,7,6
123,00004000000000000000000000000000,7,7,7,6
124,00040000000000000000000000000000,7,6,7,7
125,00400000000000000000000000000000,7,6,7,7
126,04000000000000000000000000000000,6,7,6,7
127,40000000000000000000000000000000,6,7,6,7
128,00000000000000000000000000000005,8,9,12,9
129,00000000000000000000000000000050,8,9,12,9
130,00000000000000000000000000000500,11,9,9,12
131,00000000000000000000000000005000,11,9,9,12
132,00000000000000000000000000050000,11,12,9,9
133,00000000000000000000000000500000,11,12,9,9
134,00000000000000000000000005000000,9,12,12,12
135,00000000000000000000000050000000,9,12,12,12
136,00000000000000000000000500000000,12,11,11,9
137,00000000000000000000005000000000,12,11,11,9
138,00000000000000000000050000000000,9,11,8,12
139,00000000000000000000500000000000,9,11,8,12
140,00000000000000000005000000000000,9,9,9,9
141,00000000000000000050000000000000,9,9,9,9
142,00000000000000000500000000000000,12,8,11,12
143,00000000000000005000000000000000,12,8,11,12
144,00000000000000050000000000000000,12,9,9,11
145,00000000000000500000000000000000,12,9,9,11
146,00000000000005000000000000000000,9,9,12,9
147,00000000000050000000000000000000,9,9,12,9
148,00000000000500000000000000000000,9,12,12,11
149,00000000005000000000000000000000,9,12,12,11
150,00000000050000000000000000000000,12,12,9,8
151,00000000500000000000000000000000,12,12,9,8
152,00000005000000000000000000000000,9,12,9,12
153,00000050000000000000000000000000,9,12,9,12
154,00000500000000000000000000000000,12,12,12,9
155,00005000000000000000000000000000,12,12,12,9
156,00050000000000000000000000000000,12,9,12,12
157,00500000000000000000000000000000,12,9,12,12
158,05000000000000000000000000000000,9,9,9,9
159,50000000000000000000000000000000,9,9,9,9
160,00000000000000000000000000000006,7,11,11,11
161,00000000000000000000000000000060,8,11,11,11
162,00000000000000000000000000000600,8,8,11,9
163,00000000000000000000000000006000,9,8,11,9
164,00000000000000000000000000060000,10,11,8,8
165,00000000000000000000000000600000,11,11,8,8
166,00000000000000000000000006000000,11,9,9,11
167,00000000000000000000000060000000,11,9,9,11
168,00000000000000000000000600000000,11,10,8,8
169,00000000000000000000006000000000,11,11,9,8
170,00000000000000000000060000000000,11,8,7,11
171,00000000000000000000600000000000,11,9,8,11
172,00000000000000000006000000000000,8,11,11,11
173,00000000000000000060000000000000,8,11,11,11
174,00000000000000000600000000000000,9,7,10,9
175,00000000000000006000000000000000,9,8,11,9
176,00000000000000060000000000000000,9,8,8,8
177,00000000000000600000000000000000,9,8,8,9
178,00000000000006000000000000000000,8,11,9,11
179,00000000000060000000000000000000,8,11,9,11
180,00000000000600000000000000000000,11,9,11,10
181,00000000006000000000000000000000,11,9,11,11
182,00000000060000000000000000000000,11,11,11,7
183,00000000600000000000000000000000,11,11,11,8
184,00000006000000000000000000000000,11,9,11,11
185,00000060000000000000000000000000,11,9,11,11
186,00000600000000000000000000000000,11,11,11,8
187,00006000000000000000000000000000,11,11,11,8
188,00060000000000000000000000000000,9,8,9,9
189,00600000000000000000000000000000,9,8,9,9
190,06000000000000000000000000000000,8,11,8,11
191,60000000000000000000000000000000,8,11,8,11
192,00000000000000000000000000000007,10,11,14,11
193,00000000000000000000000000000070,10,11,14,11
194,00000000000000000000000000000700,11,11,11,12
195,00000000000000000000000000007000,11,11,11,12
196,00000000000000000000000000070000,13,14,11,11
197,00000000000000000000000000700000,13,14,11,11
198,00000000000000000000000007000000,11,12,12,14
199,00000000000000000000000070000000,11,12,12,14
200,00000000000000000000000700000000,14,13,11,11
201,00000000000000000000007000000000,14,13,11,11
202,00000000000000000000070000000000,11,11,10,14
203,00000000000000000000700000000000,11,11,10,14
204,00000000000000000007000000000000,11,11,11,11
205,00000000000000000070000000000000,11,11,11,11
206,00000000000000000700000000000000,12,10,13,12
207,00000000000000007000000000000000,12,10,13,12
208,00000000000000070000000000000000,12,11,11,11
209,00000000000000700000000000000000,12,11,11,11
210,00000000000007000000000000000000,11,11,12,11
211,00000000000070000000000000000000,11,11,12,11
212,00000000000700000000000000000000,11,12,14,13
213,00000000007000000000000000000000,11,12,14,13
214,00000000070000000000000000000000,14,14,11,10
215,00000000700000000000000000000000,14,14,11,10
216,00000007000000000000000000000000,11,12,11,14
217,00000070000000000000000000000000,11,12,11,14
218,00000700000000000000000000000000,14,14,14,11
219,00007000000000000000000000000000,14,14,14,11
220,00070000000000000000000000000000,12,11,12,12
221,00700000000000000000000000000000,12,11,12,12
222,07000000000000000000000000000000,11,11,11,11
223,70000000000000000000000000000000,11,11,11,11
224,00000000000000000000000000000008,7,7,7,7
225,00000000000000000000000000000080,6,7,7,7
226,00000000000000000000000000000800,6,7,7,6
227,00000000000000000000000000008000,5,7,7,6
228,00000000000000000000000000080000,7,7,7,7
229,00000000000000000000000000800000,6,7,7,7
230,00000000000000000000000008000000,7,6,6,7
231,00000000000000000000000080000000,7,6,6,7
232,00000000000000000000000800000000,7,7,6,7
233,00000000000000000000008000000000,7,6,5,7
234,00000000000000000000080000000000,7,6,7,7
235,00000000000000000000800000000000,7,5,6,7
236,00000000000000000008000000000000,7,7,7,7
237,00000000000000000080000000000000,7,7,7,7
238,00000000000000000800000000000000,6,7,7,6
239,00000000000000008000000000000000,6,6,6,6
240,00000000000000080000000000000000,6,7,7,6
241,00000000000000800000000000000000,6,7,7,5
242,00000000000008000000000000000000,7,7,6,7
243,00000000000080000000000000000000,7,7,6,7
244,00000000000800000000000000000000,7,6,7,7
245,00000000008000000000000000000000,7,6,7,6
246,00000000080000000000000000000000,7,7,7,7
247,00000000800000000000000000000000,7,7,7,6
248,00000008000000000000000000000000,7,6,7,7
249,00000080000000000000000000000000,7,6,7,7
250,00000800000000000000000000000000,7,7,7,7
251,00008000000000000000000000000000,7,7,7,7
252,00080000000000000000000000000000,6,7,6,6
253,00800000000000000000000000000000,6,7,6,6
254,08000000000000000000000000000000,7,7,7,7
255,80000000000000000000000000000000,7,7,7,7
256,00000000000000000000000000000009,11,13,11,13
257,00000000000000000000000000000090,10,13,11,13
258,00000000000000000000000000000900,10,11,13,10
259,00000000000000000000000000009000,9,11,13,10
260,00000000000000000000000000090000,11,11,11,11
261,00000000000000000000000000900000,10,11,11,11
262,00000000000000000000000009000000,13,10,10,11
263,00000000000000000000000090000000,13,10,10,11
264,00000000000000000000000900000000,11,11,10,11
265,00000000000000000000009000000000,11,10,9,11
266,00000000000000000000090000000000,13,10,11,11
267,00000000000000000000900000000000,13,9,10,11
268,00000000000000000009000000000000,11,13,13,13
269,00000000000000000090000000000000,11,13,13,13
270,00000000000000000900000000000000,10,11,11,10
271,00000000000000009000000000000000,10,10,10,10
272,00000000000000090000000000000000,10,11,11,10
273,00000000000000900000000000000000,10,11,11,9
274,00000000000009000000000000000000,11,13,10,13
275,00000000000090000000000000000000,11,13,10,13
276,00000000000900000000000000000000,13,10,11,11
277,00000000009000000000000000000000,13,10,11,10
278,00000000090000000000000000000000,11,11,13,11
279,00000000900000000000000000000000,11,11,13,10
280,00000009000000000000000000000000,13,10,13,11
281,00000090000000000000000000000000,13,10,13,11
282,00000900000000000000000000000000,11,11,11,11
283,00009000000000000000000000000000,11,11,11,11
284,00090000000000000000000000000000,10,11,10,10
285,00900000000000000000000000000000,10,11,10,10
286,09000000000000000000000000000000,11,13,11,13
287,90000000000000000000000000000000,11,13,11,13
288,0000000000000000000000000000000a,10,11,10,11
289,000000000000000000000000000000a0,10,11,10,11
290,00000000000000000000000000000a00,12,11,11,13
291,0000000000000000000000000000a000,12,11,11,13
292,000000000000000000000000000a0000,9,10,11,11
293,00000000000000000000000000a00000,9,10,11,11
294,0000000000000000000000000a000000,11,13,13,10
295,000000000000000000000000a0000000,11,13,13,10
296,00000000000000000000000a00000000,10,9,12,11
297,0000000000000000000000a000000000,10,9,12,11
298,000000000000000000000a0000000000,11,12,10,10
299,00000000000000000000a00000000000,11,12,10,10
300,0000000000000000000a000000000000,11,11,11,11
301,000000000000000000a0000000000000,11,11,11,11
302,00000000000000000a00000000000000,13,10,9,13
303,0000000000000000a000000000000000,13,10,9,13
304,000000000000000a0000000000000000,13,11,11,12
305,00000000000000a00000000000000000,13,11,11,12
306,0000000000000a000000000000000000,11,11,13,11
307,000000000000a0000000000000000000,11,11,13,11
308,00000000000a00000000000000000000,11,13,10,9
309,0000000000a000000000000000000000,11,13,10,9
310,000000000a0000000000000000000000,10,10,11,10
311,00000000a00000000000000000000000,10,10,11,10
312,0000000a000000000000000000000000,11,13,11,10
313,000000a0000000000000000000000000,11,13,11,10
314,00000a00000000000000000000000000,10,10,10,11
315,0000a000000000000000000000000000,10,10,10,11
316,000a0000000000000000000000000000,13,11,13,13
317,00a00000000000000000000000000000,13,11,13,13
318,0a000000000000000000000000000000,11,11,11,11
319,a0000000000000000000000000000000,11,11,11,11
320,0000000000000000000000000000000b,11,12,12,12
321,000000000000000000000000000000b0,11,12,12,12
322,00000000000000000000000000000b00,11,12,12,12
323,0000000000000000000000000000b000,11,12,12,12
324,000000000000000000000000000b0000,11,12,12,12
325,00000000000000000000000000b00000,11,12,12,12
326,0000000000000000000000000b000000,12,12,12,12
327,000000000000000000000000b0000000,12,12,12,12
328,00000000000000000000000b00000000,12,11,11,12
329,0000000000000000000000b000000000,12,11,11,12
330,000000000000000000000b0000000000,12,11,11,12
331,00000000000000000000b00000000000,12,11,11,12
332,0000000000000000000b000000000000,12,12,12,12
333,000000000000000000b0000000000000,12,12,12,12
334,00000000000000000b00000000000000,12,11,11,12
335,0000000000000000b000000000000000,12,11,11,12
336,000000000000000b0000000000000000,12,12,12,11
337,00000000000000b00000000000000000,12,12,12,11
338,0000000000000b000000000000000000,12,12,12,12
339,000000000000b0000000000000000000,12,12,12,12
340,00000000000b00000000000000000000,12,12,12,11
341,0000000000b000000000000000000000,12,12,12,11
342,000000000b0000000000000000000000,12,12,12,11
343,00000000b00000000000000000000000,12,12,12,11
344,0000000b000000000000000000000000,12,12,12,12
345,000000b0000000000000000000000000,12,12,12,12
346,00000b00000000000000000000000000,12,12,12,12
347,0000b000000000000000000000000000,12,12,12,12
348,000b0000000000000000000000000000,12,12,12,12
349,00b00000000000000000000000000000,12,12,12,12
350,0b000000000000000000000000000000,12,12,12,12
351,b0000000000000000000000000000000,12,12,12,12
352,0000000000000000000000000000000c,12,11,11,11
353,000000000000000000000000000000c0,12,11,11,11
354,00000000000000000000000000000c00,9,13,11,10
355,0000000000000000000000000000c000,9,13,11,10
356,000000000000000000000000000c0000,10,11,13,13
357,00000000000000000000000000c00000,10,11,13,13
358,0000000000000000000000000c000000,11,10,10,11
359,000000000000000000000000c0000000,11,10,10,11
360,00000000000000000000000c00000000,11,10,9,13
361,0000000000000000000000c000000000,11,10,9,13
362,000000000000000000000c0000000000,11,9,12,11
363,00000000000000000000c00000000000,11,9,12,11
364,0000000000000000000c000000000000,13,11,11,11
365,000000000000000000c0000000000000,13,11,11,11
366,00000000000000000c00000000000000,10,12,10,10
367,0000000000000000c000000000000000,10,12,10,10
368,000000000000000c0000000000000000,10,13,13,9
369,00000000000000c00000000000000000,10,13,13,9
370,0000000000000c000000000000000000,13,11,10,11
371,000000000000c0000000000000000000,13,11,10,11
372,00000000000c00000000000000000000,11,10,11,10
373,0000000000c000000000000000000000,11,10,11,10
374,000000000c0000000000000000000000,11,11,11,12
375,00000000c00000000000000000000000,11,11,11,12
376,0000000c000000000000000000000000,11,10,11,11
377,000000c0000000000000000000000000,11,10,11,11
378,00000c00000000000000000000000000,11,11,11,13
379,0000c000000000000000000000000000,11,11,11,13
380,000c0000000000000000000000000000,10,13,10,10
381,00c00000000000000000000000000000,10,13,10,10
382,0c000000000000000000000000000000,13,11,13,11
383,c0000000000000000000000000000000,13,11,13,11
384,0000000000000000000000000000000d,12,13,13,13
385,000000000000000000000000000000d0,12,13,13,13
386,00000000000000000000000000000d00,11,13,13,12
387,0000000000000000000000000000d000,11,13,13,12
388,000000000000000000000000000d0000,12,13,13,13
389,00000000000000000000000000d00000,12,13,13,13
390,0000000000000000000000000d000000,13,12,12,13
391,000000000000000000000000d0000000,13,12,12,13
392,00000000000000000000000d00000000,13,12,11,13
393,0000000000000000000000d000000000,13,12,11,13
394,000000000000000000000d0000000000,13,11,12,13
395,00000000000000000000d00000000000,13,11,12,13
396,0000000000000000000d000000000000,13,13,13,13
397,000000000000000000d0000000000000,13,13,13,13
398,00000000000000000d00000000000000,12,12,12,12
399,0000000000000000d000000000000000,12,12,12,12
400,000000000000000d0000000000000000,12,13,13,11
401,00000000000000d00000000000000000,12,13,13,11
402,0000000000000d000000000000000000,13,13,12,13
403,000000000000d0000000000000000000,13,13,12,13
404,00000000000d00000000000000000000,13,12,13,12
405,0000000000d000000000000000000000,13,12,13,12
406,000000000d0000000000000000000000,13,13,13,12
407,00000000d00000000000000000000000,13,13,13,12
408,0000000d000000000000000000000000,13,12,13,13
409,000000d0000000000000000000000000,13,12,13,13
410,00000d00000000000000000000000000,13,13,13,13
411,0000d000000000000000000000000000,13,13,13,13
412,000d0000000000000000000000000000,12,13,12,12
413,00d00000000000000000000000000000,12,13,12,12
414,0d000000000000000000000000000000,13,13,13,13
415,d0000000000000000000000000000000,13,13,13,13
416,0000000000000000000000000000000e,11,12,12,12
417,000000000000000000000000000000e0,11,12,12,12
418,00000000000000000000000000000e00,11,12,12,12
419,0000000000000000000000000000e000,11,12,12,12
420,000000000000000000000000000e0000,11,12,12,12
421,00000000000000000000000000e00000,11,12,12,12
422,0000000000000000000000000e000000,12,12,12,12
423,000000000000000000000000e0000000,12,12,12,12
424,00000000000000000000000e00000000,12,11,11,12
425,0000000000000000000000e000000000,12,11,11,12
426,000000000000000000000e0000000000,12,11,11,12
427,00000000000000000000e00000000000,12,11,11,12
428,0000000000000000000e000000000000,12,12,12,12
429,000000000000000000e0000000000000,12,12,12,12
430,00000000000000000e00000000000000,12,11,11,12
431,0000000000000000e000000000000000,12,11,11,12
432,000000000000000e0000000000000000,12,12,12,11
433,00000000000000e00000000000000000,12,12,12,11
434,0000000000000e000000000000000000,12,12,12,12
435,000000000000e0000000000000000000,12,12,12,12
436,00000000000e00000000000000000000,12,12,12,11
437,0000000000e000000000000000000000,12,12,12,11
438,000000000e0000000000000000000000,12,12,12,11
439,00000000e00000000000000000000000,12,12,12,11
440,0000000e000000000000000000000000,12,12,12,12
441,000000e0000000000000000000000000,12,12,12,12
442,00000e00000000000000000000000000,12,12,12,12
443,0000e000000000000000000000000000,12,12,12,12
444,000e0000000000000000000000000000,12,12,12,12
445,00e00000000000000000000000000000,12,12,12,12
446,0e000000000000000000000000000000,12,12,12,12
447,e0000000000000000000000000000000,12,12,12,12
448,0000000000000000000000000000000f,11,12,12,12
449,000000000000000000000000000000f0,11,12,12,12
450,00000000000000000000000000000f00,11,12,12,12
451,0000000000000000000000000000f000,11,12,12,12
452,000000000000000000000000000f0000,11,12,12,12
453,00000000000000000000000000f00000,11,12,12,12
454,0000000000000000000000000f000000,12,12,12,12
455,000000000000000000000000f0000000,12,12,12,12
456,00000000000000000000000f00000000,12,11,11,12
457,0000000000000000000000f000000000,12,11,11,12
458,000000000000000000000f0000000000,12,11,11,12
459,00000000000000000000f00000000000,12,11,11,12
460,0000000000000000000f000000000000,12,12,12,12
461,000000000000000000f0000000000000,12,12,12,12
462,00000000000000000f00000000000000,12,11,11,12
463,0000000000000000f000000000000000,12,11,11,12
464,000000000000000f0000000000000000,12,12,12,11
465,00000000000000f00000000000000000,12,12,12,11
466,0000000000000f000000000000000000,12,12,12,12
467,000000000000f0000000000000000000,12,12,12,12
468,00000000000f00000000000000000000,12,12,12,11
469,0000000000f000000000000000000000,12,12,12,11
470,000000000f0000000000000000000000,12,12,12,11
471,00000000f00000000000000000000000,12,12,12,11
472,0000000f000000000000000000000000,12,12,12,12
473,000000f0000000000000000000000000,12,12,12,12
474,00000f00000000000000000000000000,12,12,12,12
475,0000f000000000000000000000000000,12,12,12,12
476,000f0000000000000000000000000000,12,12,12,12
477,00f00000000000000000000000000000,12,12,12,12
478,0f000000000000000000000000000000,12,12,12,12
479,f0000000000000000000000000000000,12,12,12,12
