,Input_diff,Round3,Round2,Round1,Round0
0,00000000000000000000000000000001,25,27,26,26
1,00000000000000000000000000000010,26,27,26,26
2,00000000000000000000000000000100,26,28,25,26
3,00000000000000000000000000001000,27,28,25,26
4,00000000000000000000000000010000,27,28,25,27
5,00000000000000000000000000100000,27,28,25,27
6,00000000000000000000000001000000,24,28,26,26
7,00000000000000000000000010000000,25,28,26,26
8,00000000000000000000000100000000,27,25,26,25
9,00000000000000000000001000000000,27,24,27,26
10,00000000000000000000010000000000,27,26,28,27
11,00000000000000000000100000000000,27,26,28,27
12,00000000000000000001000000000000,27,25,25,24
13,00000000000000000010000000000000,27,24,26,25
14,00000000000000000100000000000000,27,26,26,26
15,00000000000000001000000000000000,27,25,27,27
16,00000000000000010000000000000000,26,26,26,27
17,00000000000000100000000000000000,25,25,26,26
18,00000000000001000000000000000000,27,25,26,27
19,00000000000010000000000000000000,26,25,26,27
20,00000000000100000000000000000000,26,25,25,27
21,00000000001000000000000000000000,26,24,25,26
22,00000000010000000000000000000000,26,26,25,27
23,00000000100000000000000000000000,25,25,25,26
24,00000001000000000000000000000000,25,26,27,25
25,00000010000000000000000000000000,25,27,27,26
26,00000100000000000000000000000000,25,27,27,27
27,00001000000000000000000000000000,25,27,26,27
28,00010000000000000000000000000000,26,26,27,25
29,00100000000000000000000000000000,26,27,26,26
30,01000000000000000000000000000000,26,26,27,25
31,10000000000000000000000000000000,26,27,26,26
32,00000000000000000000000000000002,27,25,25,26
33,00000000000000000000000000000020,27,25,24,26
34,00000000000000000000000000000200,27,26,26,27
35,00000000000000000000000000002000,27,26,25,27
36,00000000000000000000000000020000,27,25,27,26
37,00000000000000000000000000200000,27,25,26,26
38,00000000000000000000000002000000,27,26,27,26
39,00000000000000000000000020000000,27,26,27,26
40,00000000000000000000000200000000,25,26,26,27
41,00000000000000000000002000000000,25,26,26,27
42,00000000000000000000020000000000,27,28,27,27
43,00000000000000000000200000000000,27,28,27,27
44,00000000000000000002000000000000,27,27,26,27
45,00000000000000000020000000000000,27,27,26,27
46,00000000000000000200000000000000,26,27,26,27
47,00000000000000002000000000000000,26,27,26,27
48,00000000000000020000000000000000,26,27,26,25
49,00000000000000200000000000000000,27,28,26,26
50,00000000000002000000000000000000,25,28,26,27
51,00000000000020000000000000000000,26,28,26,27
52,00000000000200000000000000000000,26,27,26,24
53,00000000002000000000000000000000,26,28,26,25
54,00000000020000000000000000000000,25,26,27,26
55,00000000200000000000000000000000,26,27,27,27
56,00000002000000000000000000000000,26,25,27,25
57,00000020000000000000000000000000,25,26,27,25
58,00000200000000000000000000000000,26,25,25,26
59,00002000000000000000000000000000,25,25,26,26
60,00020000000000000000000000000000,27,24,27,26
61,00200000000000000000000000000000,27,25,28,26
62,02000000000000000000000000000000,26,25,26,25
63,20000000000000000000000000000000,25,26,27,25
64,00000000000000000000000000000003,32,29,33,30
65,00000000000000000000000000000030,33,29,32,30
66,00000000000000000000000000000300,28,33,28,31
67,00000000000000000000000000003000,29,33,27,31
68,00000000000000000000000000030000,34,32,33,34
69,00000000000000000000000000300000,34,32,32,34
70,00000000000000000000000003000000,29,29,29,34
71,00000000000000000000000030000000,30,29,29,34
72,00000000000000000000000300000000,36,35,30,32
73,00000000000000000000003000000000,36,35,30,33
74,00000000000000000000030000000000,30,32,34,34
75,00000000000000000000300000000000,30,32,34,34
76,00000000000000000003000000000000,37,31,31,29
77,00000000000000000030000000000000,37,31,31,30
78,00000000000000000300000000000000,32,34,34,28
79,00000000000000003000000000000000,32,34,34,29
80,00000000000000030000000000000000,30,35,37,31
81,00000000000000300000000000000000,30,35,37,31
82,00000000000003000000000000000000,33,30,33,30
83,00000000000030000000000000000000,33,30,33,30
84,00000000000300000000000000000000,30,31,37,35
85,00000000003000000000000000000000,30,31,37,35
86,00000000030000000000000000000000,33,36,31,36
87,00000000300000000000000000000000,33,36,31,36
88,00000003000000000000000000000000,31,32,30,36
89,00000030000000000000000000000000,30,33,30,36
90,00000300000000000000000000000000,37,36,35,36
91,00003000000000000000000000000000,36,36,35,36
92,00030000000000000000000000000000,34,35,32,33
93,00300000000000000000000000000000,34,36,32,33
94,03000000000000000000000000000000,36,29,35,30
95,30000000000000000000000000000000,35,30,35,30
96,00000000000000000000000000000004,24,27,25,27
97,00000000000000000000000000000040,25,27,25,27
98,00000000000000000000000000000400,26,27,25,26
99,00000000000000000000000000004000,27,27,25,26
100,00000000000000000000000000040000,27,27,24,26
101,00000000000000000000000000400000,27,27,24,26
102,00000000000000000000000004000000,25,27,25,26
103,00000000000000000000000040000000,26,27,25,26
104,00000000000000000000000400000000,27,25,27,24
105,00000000000000000000004000000000,27,24,26,25
106,00000000000000000000040000000000,27,26,27,27
107,00000000000000000000400000000000,27,26,27,27
108,00000000000000000004000000000000,27,26,27,25
109,00000000000000000040000000000000,27,25,26,26
110,00000000000000000400000000000000,27,25,27,26
111,00000000000000004000000000000000,27,24,26,27
112,00000000000000040000000000000000,25,24,26,26
113,00000000000000400000000000000000,26,25,26,27
114,00000000000004000000000000000000,25,26,27,27
115,00000000000040000000000000000000,26,26,27,27
116,00000000000400000000000000000000,27,24,26,26
117,00000000004000000000000000000000,27,25,26,27
118,00000000040000000000000000000000,25,25,26,26
119,00000000400000000000000000000000,26,26,26,27
120,00000004000000000000000000000000,26,27,28,26
121,00000040000000000000000000000000,26,28,28,25
122,00000400000000000000000000000000,25,28,26,26
123,00004000000000000000000000000000,25,28,27,26
124,00040000000000000000000000000000,26,26,26,26
125,00400000000000000000000000000000,26,27,27,25
126,04000000000000000000000000000000,25,27,25,27
127,40000000000000000000000000000000,25,28,26,26
128,00000000000000000000000000000005,33,34,39,35
129,00000000000000000000000000000050,34,34,40,35
130,00000000000000000000000000000500,39,34,32,41
131,00000000000000000000000000005000,40,34,33,41
132,00000000000000000000000000050000,42,41,31,33
133,00000000000000000000000000500000,42,41,32,33
134,00000000000000000000000005000000,33,41,39,41
135,00000000000000000000000050000000,34,41,39,41
136,00000000000000000000000500000000,42,39,39,33
137,00000000000000000000005000000000,42,39,39,34
138,00000000000000000000050000000000,36,40,35,42
139,00000000000000000000500000000000,36,40,35,42
140,00000000000000000005000000000000,36,34,33,33
141,00000000000000000050000000000000,36,34,33,34
142,00000000000000000500000000000000,42,34,40,39
143,00000000000000005000000000000000,42,34,40,40
144,00000000000000050000000000000000,40,34,35,41
145,00000000000000500000000000000000,40,34,35,41
146,00000000000005000000000000000000,32,35,42,36
147,00000000000050000000000000000000,32,35,42,36
148,00000000000500000000000000000000,35,41,43,41
149,00000000005000000000000000000000,35,41,43,41
150,00000000050000000000000000000000,40,43,36,35
151,00000000500000000000000000000000,40,43,36,35
152,00000005000000000000000000000000,32,40,35,40
153,00000050000000000000000000000000,33,41,35,40
154,00000500000000000000000000000000,40,41,41,35
155,00005000000000000000000000000000,41,41,41,35
156,00050000000000000000000000000000,41,33,42,40
157,00500000000000000000000000000000,41,34,42,40
158,05000000000000000000000000000000,34,33,35,32
159,50000000000000000000000000000000,35,34,35,32
160,00000000000000000000000000000006,29,36,37,36
161,00000000000000000000000000000060,30,36,36,36
162,00000000000000000000000000000600,28,30,35,34
163,00000000000000000000000000006000,29,30,34,34
164,00000000000000000000000000060000,34,36,30,31
165,00000000000000000000000000600000,34,36,29,31
166,00000000000000000000000006000000,32,33,33,37
167,00000000000000000000000060000000,33,33,33,37
168,00000000000000000000000600000000,36,35,31,29
169,00000000000000000000006000000000,36,35,30,30
170,00000000000000000000060000000000,37,32,31,34
171,00000000000000000000600000000000,37,32,31,34
172,00000000000000000006000000000000,30,34,35,32
173,00000000000000000060000000000000,30,34,34,33
174,00000000000000000600000000000000,32,31,35,28
175,00000000000000006000000000000000,32,31,34,29
176,00000000000000060000000000000000,33,29,30,31
177,00000000000000600000000000000000,34,30,30,32
178,00000000000006000000000000000000,30,36,32,37
179,00000000000060000000000000000000,31,36,32,37
180,00000000000600000000000000000000,36,31,36,35
181,00000000006000000000000000000000,36,32,36,36
182,00000000060000000000000000000000,36,36,37,29
183,00000000600000000000000000000000,37,37,37,30
184,00000006000000000000000000000000,34,28,33,34
185,00000060000000000000000000000000,33,29,33,33
186,00000600000000000000000000000000,34,32,32,30
187,00006000000000000000000000000000,33,32,33,30
188,00060000000000000000000000000000,31,28,29,31
189,00600000000000000000000000000000,31,29,30,30
190,06000000000000000000000000000000,30,32,29,34
191,60000000000000000000000000000000,29,33,30,33
192,00000000000000000000000000000007,32,39,44,39
193,00000000000000000000000000000070,33,39,44,39
194,00000000000000000000000000000700,31,36,37,39
195,00000000000000000000000000007000,32,36,37,39
196,00000000000000000000000000070000,37,42,37,39
197,00000000000000000000000000700000,37,42,37,39
198,00000000000000000000000007000000,32,36,38,45
199,00000000000000000000000070000000,33,36,38,45
200,00000000000000000000000700000000,43,42,35,32
201,00000000000000000000007000000000,43,42,35,33
202,00000000000000000000070000000000,39,41,34,37
203,00000000000000000000700000000000,39,41,34,37
204,00000000000000000007000000000000,39,38,36,32
205,00000000000000000070000000000000,39,38,36,33
206,00000000000000000700000000000000,41,38,39,31
207,00000000000000007000000000000000,41,38,39,32
208,00000000000000070000000000000000,38,35,37,40
209,00000000000000700000000000000000,38,35,37,40
210,00000000000007000000000000000000,38,36,39,39
211,00000000000070000000000000000000,38,36,39,39
212,00000000000700000000000000000000,39,37,43,42
213,00000000007000000000000000000000,39,37,43,42
214,00000000070000000000000000000000,44,42,37,38
215,00000000700000000000000000000000,44,42,37,38
216,00000007000000000000000000000000,38,35,38,44
217,00000070000000000000000000000000,38,36,38,44
218,00000700000000000000000000000000,44,42,41,39
219,00007000000000000000000000000000,44,42,41,39
220,00070000000000000000000000000000,39,38,37,38
221,00700000000000000000000000000000,39,39,37,38
222,07000000000000000000000000000000,38,35,40,38
223,70000000000000000000000000000000,38,36,40,38
224,00000000000000000000000000000008,27,25,26,26
225,00000000000000000000000000000080,27,25,25,26
226,00000000000000000000000000000800,26,26,26,26
227,00000000000000000000000000008000,26,26,25,26
228,00000000000000000000000000080000,28,26,27,26
229,00000000000000000000000000800000,28,26,26,26
230,00000000000000000000000008000000,27,25,26,27
231,00000000000000000000000080000000,27,25,26,27
232,00000000000000000000000800000000,26,27,25,27
233,00000000000000000000008000000000,26,27,25,27
234,00000000000000000000080000000000,27,27,27,28
235,00000000000000000000800000000000,27,27,27,28
236,00000000000000000008000000000000,27,27,26,27
237,00000000000000000080000000000000,27,27,26,27
238,00000000000000000800000000000000,25,27,27,26
239,00000000000000008000000000000000,25,27,27,26
240,00000000000000080000000000000000,26,28,26,25
241,00000000000000800000000000000000,25,27,26,24
242,00000000000008000000000000000000,26,28,25,27
243,00000000000080000000000000000000,25,28,25,27
244,00000000000800000000000000000000,26,27,27,26
245,00000000008000000000000000000000,26,26,27,25
246,00000000080000000000000000000000,27,28,27,27
247,00000000800000000000000000000000,26,27,27,26
248,00000008000000000000000000000000,26,25,27,26
249,00000080000000000000000000000000,25,24,27,26
250,00000800000000000000000000000000,27,26,27,26
251,00008000000000000000000000000000,26,26,26,26
252,00080000000000000000000000000000,26,25,27,25
253,00800000000000000000000000000000,26,24,26,25
254,08000000000000000000000000000000,26,26,27,25
255,80000000000000000000000000000000,25,25,26,25
256,00000000000000000000000000000009,35,41,36,41
257,00000000000000000000000000000090,35,41,35,41
258,00000000000000000000000000000900,32,36,40,37
259,00000000000000000000000000009000,32,36,39,37
260,00000000000000000000000000090000,34,36,35,36
261,00000000000000000000000000900000,34,36,34,36
262,00000000000000000000000009000000,37,37,36,36
263,00000000000000000000000090000000,37,37,36,36
264,00000000000000000000000900000000,36,34,34,35
265,00000000000000000000009000000000,36,34,35,35
266,00000000000000000000090000000000,41,34,37,34
267,00000000000000000000900000000000,41,34,37,34
268,00000000000000000009000000000000,35,38,39,37
269,00000000000000000090000000000000,35,38,40,37
270,00000000000000000900000000000000,35,35,34,32
271,00000000000000009000000000000000,35,35,35,32
272,00000000000000090000000000000000,37,36,36,35
273,00000000000000900000000000000000,36,35,36,34
274,00000000000009000000000000000000,36,41,36,41
275,00000000000090000000000000000000,35,41,36,41
276,00000000000900000000000000000000,41,36,36,36
277,00000000009000000000000000000000,41,35,36,35
278,00000000090000000000000000000000,36,37,42,35
279,00000000900000000000000000000000,35,36,42,34
280,00000009000000000000000000000000,39,32,37,33
281,00000090000000000000000000000000,38,33,37,34
282,00000900000000000000000000000000,34,32,33,36
283,00009000000000000000000000000000,33,32,32,36
284,00090000000000000000000000000000,35,34,33,34
285,00900000000000000000000000000000,35,35,32,35
286,09000000000000000000000000000000,36,37,35,38
287,90000000000000000000000000000000,35,38,34,39
288,0000000000000000000000000000000a,36,40,37,41
289,000000000000000000000000000000a0,36,40,37,41
290,00000000000000000000000000000a00,36,38,37,43
291,0000000000000000000000000000a000,36,38,37,43
292,000000000000000000000000000a0000,36,37,36,39
293,00000000000000000000000000a00000,36,37,36,39
294,0000000000000000000000000a000000,36,41,40,39
295,000000000000000000000000a0000000,36,41,40,39
296,00000000000000000000000a00000000,42,37,39,36
297,0000000000000000000000a000000000,42,37,39,36
298,000000000000000000000a0000000000,41,39,41,36
299,00000000000000000000a00000000000,41,39,41,36
300,0000000000000000000a000000000000,41,37,41,36
301,000000000000000000a0000000000000,41,37,41,36
302,00000000000000000a00000000000000,41,37,38,36
303,0000000000000000a000000000000000,41,37,38,36
304,000000000000000a0000000000000000,42,41,41,40
305,00000000000000a00000000000000000,42,41,41,40
306,0000000000000a000000000000000000,38,42,44,41
307,000000000000a0000000000000000000,38,42,44,41
308,00000000000a00000000000000000000,41,42,41,41
309,0000000000a000000000000000000000,41,42,41,41
310,000000000a0000000000000000000000,38,43,42,40
311,00000000a00000000000000000000000,38,43,42,40
312,0000000a000000000000000000000000,38,40,36,38
313,000000a0000000000000000000000000,38,40,36,38
314,00000a00000000000000000000000000,38,37,37,41
315,0000a000000000000000000000000000,38,37,37,41
316,000a0000000000000000000000000000,43,39,39,42
317,00a00000000000000000000000000000,43,39,39,42
318,0a000000000000000000000000000000,40,37,38,38
319,a0000000000000000000000000000000,40,37,38,38
320,0000000000000000000000000000000b,41,43,41,44
321,000000000000000000000000000000b0,41,43,41,44
322,00000000000000000000000000000b00,37,41,42,42
323,0000000000000000000000000000b000,37,41,42,42
324,000000000000000000000000000b0000,40,41,41,42
325,00000000000000000000000000b00000,40,41,41,42
326,0000000000000000000000000b000000,41,40,41,43
327,000000000000000000000000b0000000,41,40,41,43
328,00000000000000000000000b00000000,44,43,40,41
329,0000000000000000000000b000000000,44,43,40,41
330,000000000000000000000b0000000000,43,41,42,40
331,00000000000000000000b00000000000,43,41,42,40
332,0000000000000000000b000000000000,43,43,44,41
333,000000000000000000b0000000000000,43,43,44,41
334,00000000000000000b00000000000000,41,41,42,37
335,0000000000000000b000000000000000,41,41,42,37
336,000000000000000b0000000000000000,41,44,44,40
337,00000000000000b00000000000000000,41,44,44,40
338,0000000000000b000000000000000000,41,45,43,43
339,000000000000b0000000000000000000,41,45,43,43
340,00000000000b00000000000000000000,44,43,45,43
341,0000000000b000000000000000000000,44,43,45,43
342,000000000b0000000000000000000000,42,45,45,42
343,00000000b00000000000000000000000,42,45,45,42
344,0000000b000000000000000000000000,43,39,40,44
345,000000b0000000000000000000000000,43,40,40,44
346,00000b00000000000000000000000000,44,41,41,44
347,0000b000000000000000000000000000,44,41,41,44
348,000b0000000000000000000000000000,44,42,39,43
349,00b00000000000000000000000000000,44,43,39,43
350,0b000000000000000000000000000000,43,40,42,43
351,b0000000000000000000000000000000,43,41,42,43
352,0000000000000000000000000000000c,37,35,33,36
353,000000000000000000000000000000c0,37,35,32,36
354,00000000000000000000000000000c00,32,38,34,35
355,0000000000000000000000000000c000,32,38,33,35
356,000000000000000000000000000c0000,34,32,38,39
357,00000000000000000000000000c00000,34,32,37,39
358,0000000000000000000000000c000000,35,33,33,34
359,000000000000000000000000c0000000,35,33,33,34
360,00000000000000000000000c00000000,36,34,33,37
361,0000000000000000000000c000000000,36,34,34,37
362,000000000000000000000c0000000000,35,34,39,34
363,00000000000000000000c00000000000,35,34,39,34
364,0000000000000000000c000000000000,41,35,36,35
365,000000000000000000c0000000000000,41,35,37,35
366,00000000000000000c00000000000000,35,38,33,32
367,0000000000000000c000000000000000,35,38,34,32
368,000000000000000c0000000000000000,34,40,42,34
369,00000000000000c00000000000000000,34,40,42,34
370,0000000000000c000000000000000000,38,36,37,35
371,000000000000c0000000000000000000,38,36,37,35
372,00000000000c00000000000000000000,36,35,37,35
373,0000000000c000000000000000000000,36,35,37,35
374,000000000c0000000000000000000000,33,36,37,40
375,00000000c00000000000000000000000,33,36,37,40
376,0000000c000000000000000000000000,36,36,35,35
377,000000c0000000000000000000000000,35,37,35,36
378,00000c00000000000000000000000000,36,36,35,41
379,0000c000000000000000000000000000,35,36,35,41
380,000c0000000000000000000000000000,37,40,35,36
381,00c00000000000000000000000000000,37,41,35,37
382,0c000000000000000000000000000000,41,35,39,35
383,c0000000000000000000000000000000,40,36,39,36
384,0000000000000000000000000000000d,37,45,41,45
385,000000000000000000000000000000d0,37,45,41,45
386,00000000000000000000000000000d00,34,42,42,41
387,0000000000000000000000000000d000,34,42,42,41
388,000000000000000000000000000d0000,36,41,40,43
389,00000000000000000000000000d00000,36,41,40,43
390,0000000000000000000000000d000000,37,40,39,42
391,000000000000000000000000d0000000,37,40,39,42
392,00000000000000000000000d00000000,42,37,37,37
393,0000000000000000000000d000000000,42,37,38,37
394,000000000000000000000d0000000000,41,37,40,36
395,00000000000000000000d00000000000,41,37,40,36
396,0000000000000000000d000000000000,41,38,40,37
397,000000000000000000d0000000000000,41,38,41,37
398,00000000000000000d00000000000000,41,38,36,34
399,0000000000000000d000000000000000,41,38,37,34
400,000000000000000d0000000000000000,40,40,43,40
401,00000000000000d00000000000000000,40,40,43,40
402,0000000000000d000000000000000000,42,41,43,41
403,000000000000d0000000000000000000,42,41,43,41
404,00000000000d00000000000000000000,45,40,42,41
405,0000000000d000000000000000000000,45,40,42,41
406,000000000d0000000000000000000000,41,41,43,40
407,00000000d00000000000000000000000,41,41,43,40
408,0000000d000000000000000000000000,42,39,40,41
409,000000d0000000000000000000000000,42,39,40,42
410,00000d00000000000000000000000000,41,41,40,45
411,0000d000000000000000000000000000,41,41,40,45
412,000d0000000000000000000000000000,41,44,37,40
413,00d00000000000000000000000000000,41,44,37,41
414,0d000000000000000000000000000000,44,41,42,42
415,d0000000000000000000000000000000,44,41,42,43
416,0000000000000000000000000000000e,41,43,43,44
417,000000000000000000000000000000e0,41,43,43,44
418,00000000000000000000000000000e00,37,41,42,44
419,0000000000000000000000000000e000,37,41,42,44
420,000000000000000000000000000e0000,40,41,43,44
421,00000000000000000000000000e00000,40,41,43,44
422,0000000000000000000000000e000000,41,40,43,45
423,000000000000000000000000e0000000,41,40,43,45
424,00000000000000000000000e00000000,44,43,38,41
425,0000000000000000000000e000000000,44,43,39,41
426,000000000000000000000e0000000000,43,41,42,40
427,00000000000000000000e00000000000,43,41,42,40
428,0000000000000000000e000000000000,43,41,42,41
429,000000000000000000e0000000000000,43,41,43,41
430,00000000000000000e00000000000000,41,43,40,37
431,0000000000000000e000000000000000,41,43,41,37
432,000000000000000e0000000000000000,43,44,44,40
433,00000000000000e00000000000000000,43,44,44,40
434,0000000000000e000000000000000000,43,45,43,43
435,000000000000e0000000000000000000,43,45,43,43
436,00000000000e00000000000000000000,44,43,45,43
437,0000000000e000000000000000000000,44,43,45,43
438,000000000e0000000000000000000000,44,45,45,42
439,00000000e00000000000000000000000,44,45,45,42
440,0000000e000000000000000000000000,41,39,40,42
441,000000e0000000000000000000000000,41,40,40,43
442,00000e00000000000000000000000000,42,41,41,44
443,0000e000000000000000000000000000,42,41,41,44
444,000e0000000000000000000000000000,42,42,39,41
445,00e00000000000000000000000000000,42,43,39,42
446,0e000000000000000000000000000000,43,40,42,41
447,e0000000000000000000000000000000,43,41,42,42
448,0000000000000000000000000000000f,41,45,44,46
449,000000000000000000000000000000f0,41,45,44,46
450,00000000000000000000000000000f00,37,43,43,45
451,0000000000000000000000000000f000,37,43,43,45
452,000000000000000000000000000f0000,40,42,44,46
453,00000000000000000000000000f00000,40,42,44,46
454,0000000000000000000000000f000000,41,41,43,46
455,000000000000000000000000f0000000,41,41,43,46
456,00000000000000000000000f00000000,44,45,41,41
457,0000000000000000000000f000000000,44,45,41,41
458,000000000000000000000f0000000000,45,45,43,40
459,00000000000000000000f00000000000,45,45,43,40
460,0000000000000000000f000000000000,45,45,45,41
461,000000000000000000f0000000000000,45,45,45,41
462,00000000000000000f00000000000000,43,45,42,37
463,0000000000000000f000000000000000,43,45,42,37
464,000000000000000f0000000000000000,44,44,45,42
465,00000000000000f00000000000000000,44,44,45,42
466,0000000000000f000000000000000000,45,45,44,45
467,000000000000f0000000000000000000,45,45,44,45
468,00000000000f00000000000000000000,46,43,45,43
469,0000000000f000000000000000000000,46,43,45,43
470,000000000f0000000000000000000000,45,45,46,44
471,00000000f00000000000000000000000,45,45,46,44
472,0000000f000000000000000000000000,45,40,43,45
473,000000f0000000000000000000000000,45,41,43,45
474,00000f00000000000000000000000000,45,42,42,46
475,0000f000000000000000000000000000,45,42,42,46
476,000f0000000000000000000000000000,45,44,41,44
477,00f00000000000000000000000000000,45,45,41,44
478,0f000000000000000000000000000000,45,42,45,45
479,f0000000000000000000000000000000,45,43,45,45
