,Input_diff,Round3,Round2,Round1,Round0
0,00000000000000000000000000000001,9,10,8,9
1,00000000000000000000000000000010,9,10,8,9
2,00000000000000000000000000000100,8,9,9,9
3,00000000000000000000000000001000,8,9,9,9
4,00000000000000000000000000010000,7,9,9,8
5,00000000000000000000000000100000,8,9,9,8
6,00000000000000000000000001000000,10,9,8,9
7,00000000000000000000000010000000,10,9,8,9
8,00000000000000000000000100000000,9,9,9,9
9,00000000000000000000001000000000,9,9,9,9
10,00000000000000000000010000000000,9,8,7,7
11,00000000000000000000100000000000,9,7,8,8
12,00000000000000000001000000000000,9,9,10,10
13,00000000000000000010000000000000,9,9,10,10
14,00000000000000000100000000000000,9,8,9,8
15,00000000000000001000000000000000,9,8,9,8
16,00000000000000010000000000000000,9,8,8,9
17,00000000000000100000000000000000,9,8,8,9
18,00000000000001000000000000000000,8,9,8,9
19,00000000000010000000000000000000,8,8,8,8
20,00000000000100000000000000000000,9,9,9,9
21,00000000001000000000000000000000,8,9,9,9
22,00000000010000000000000000000000,9,8,9,9
23,00000000100000000000000000000000,9,8,9,9
24,00000001000000000000000000000000,9,9,9,9
25,00000010000000000000000000000000,9,9,8,9
26,00000100000000000000000000000000,9,8,9,7
27,00001000000000000000000000000000,9,9,9,8
28,00010000000000000000000000000000,8,9,9,9
29,00100000000000000000000000000000,8,9,9,9
30,01000000000000000000000000000000,8,9,9,9
31,10000000000000000000000000000000,8,9,9,9
32,00000000000000000000000000000002,9,9,10,9
33,00000000000000000000000000000020,9,9,10,9
34,00000000000000000000000000000200,9,8,9,8
35,00000000000000000000000000002000,9,8,9,8
36,00000000000000000000000000020000,9,9,8,9
37,00000000000000000000000000200000,9,9,8,9
38,00000000000000000000000002000000,9,8,8,9
39,00000000000000000000000020000000,9,8,7,9
40,00000000000000000000000200000000,10,10,9,9
41,00000000000000000000002000000000,10,10,9,9
42,00000000000000000000020000000000,8,8,8,9
43,00000000000000000000200000000000,8,8,8,9
44,00000000000000000002000000000000,8,9,9,9
45,00000000000000000020000000000000,8,9,9,9
46,00000000000000000200000000000000,9,9,9,9
47,00000000000000002000000000000000,9,9,9,9
48,00000000000000020000000000000000,8,9,9,9
49,00000000000000200000000000000000,8,9,9,9
50,00000000000002000000000000000000,9,8,9,7
51,00000000000020000000000000000000,9,9,9,8
52,00000000000200000000000000000000,8,9,9,10
53,00000000002000000000000000000000,9,9,9,10
54,00000000020000000000000000000000,9,10,8,8
55,00000000200000000000000000000000,9,10,8,8
56,00000002000000000000000000000000,9,8,8,9
57,00000020000000000000000000000000,9,8,9,9
58,00000200000000000000000000000000,9,8,10,8
59,00002000000000000000000000000000,9,9,10,8
60,00020000000000000000000000000000,8,9,8,8
61,00200000000000000000000000000000,7,9,8,8
62,02000000000000000000000000000000,9,8,9,9
63,20000000000000000000000000000000,9,8,9,9
64,00000000000000000000000000000003,9,12,8,13
65,00000000000000000000000000000030,9,12,8,13
66,00000000000000000000000000000300,13,8,13,12
67,00000000000000000000000000003000,13,8,13,12
68,00000000000000000000000000030000,7,9,8,9
69,00000000000000000000000000300000,8,9,8,9
70,00000000000000000000000003000000,12,12,12,9
71,00000000000000000000000030000000,12,12,11,9
72,00000000000000000000000300000000,9,9,13,9
73,00000000000000000000003000000000,9,9,13,9
74,00000000000000000000030000000000,15,12,9,7
75,00000000000000000000300000000000,15,12,9,8
76,00000000000000000003000000000000,8,13,12,12
77,00000000000000000030000000000000,8,13,12,12
78,00000000000000000300000000000000,13,10,9,13
79,00000000000000003000000000000000,13,10,9,13
80,00000000000000030000000000000000,12,9,9,13
81,00000000000000300000000000000000,12,9,9,13
82,00000000000003000000000000000000,9,14,13,14
83,00000000000030000000000000000000,9,14,13,14
84,00000000000300000000000000000000,12,13,9,9
85,00000000003000000000000000000000,12,13,9,9
86,00000000030000000000000000000000,9,8,15,8
87,00000000300000000000000000000000,9,8,15,8
88,00000003000000000000000000000000,15,12,14,9
89,00000030000000000000000000000000,15,12,14,9
90,00000300000000000000000000000000,9,8,9,9
91,00003000000000000000000000000000,9,9,9,9
92,00030000000000000000000000000000,12,9,12,12
93,00300000000000000000000000000000,11,9,12,12
94,03000000000000000000000000000000,10,15,9,15
95,30000000000000000000000000000000,10,15,9,15
96,00000000000000000000000000000004,10,9,8,8
97,00000000000000000000000000000040,10,9,8,8
98,00000000000000000000000000000400,8,9,8,9
99,00000000000000000000000000004000,8,9,8,9
100,00000000000000000000000000040000,7,9,9,9
101,00000000000000000000000000400000,8,9,9,9
102,00000000000000000000000004000000,9,9,8,9
103,00000000000000000000000040000000,9,9,8,9
104,00000000000000000000000400000000,9,9,9,10
105,00000000000000000000004000000000,9,9,9,10
106,00000000000000000000040000000000,9,8,9,7
107,00000000000000000000400000000000,9,7,8,8
108,00000000000000000004000000000000,9,8,9,9
109,00000000000000000040000000000000,9,8,9,9
110,00000000000000000400000000000000,9,9,9,8
111,00000000000000004000000000000000,9,9,9,8
112,00000000000000040000000000000000,9,9,9,9
113,00000000000000400000000000000000,9,9,9,9
114,00000000000004000000000000000000,9,7,8,8
115,00000000000040000000000000000000,9,8,8,9
116,00000000000400000000000000000000,7,9,9,9
117,00000000004000000000000000000000,8,9,9,9
118,00000000040000000000000000000000,9,8,9,9
119,00000000400000000000000000000000,9,8,9,9
120,00000004000000000000000000000000,8,9,7,9
121,00000040000000000000000000000000,8,9,8,9
122,00000400000000000000000000000000,9,8,9,9
123,00004000000000000000000000000000,9,9,9,8
124,00040000000000000000000000000000,8,10,9,9
125,00400000000000000000000000000000,8,10,9,9
126,04000000000000000000000000000000,9,9,10,8
127,40000000000000000000000000000000,9,9,10,8
128,00000000000000000000000000000005,16,16,8,15
129,00000000000000000000000000000050,16,16,8,15
130,00000000000000000000000000000500,10,16,15,9
131,00000000000000000000000000005000,10,16,15,9
132,00000000000000000000000000050000,7,9,16,17
133,00000000000000000000000000500000,8,9,16,17
134,00000000000000000000000005000000,16,9,8,9
135,00000000000000000000000050000000,16,9,9,9
136,00000000000000000000000500000000,10,10,10,16
137,00000000000000000000005000000000,10,10,10,16
138,00000000000000000000050000000000,16,9,14,7
139,00000000000000000000500000000000,16,9,14,8
140,00000000000000000005000000000000,16,15,16,16
141,00000000000000000050000000000000,16,15,16,16
142,00000000000000000500000000000000,10,15,9,10
143,00000000000000005000000000000000,10,15,9,10
144,00000000000000050000000000000000,9,17,17,10
145,00000000000000500000000000000000,9,17,17,10
146,00000000000005000000000000000000,17,16,10,15
147,00000000000050000000000000000000,17,16,10,15
148,00000000000500000000000000000000,14,10,9,10
149,00000000005000000000000000000000,14,10,9,10
150,00000000050000000000000000000000,9,8,16,16
151,00000000500000000000000000000000,9,8,16,16
152,00000005000000000000000000000000,17,9,16,9
153,00000050000000000000000000000000,17,9,16,9
154,00000500000000000000000000000000,9,8,10,14
155,00005000000000000000000000000000,9,9,10,14
156,00050000000000000000000000000000,8,16,9,9
157,00500000000000000000000000000000,9,16,9,9
158,05000000000000000000000000000000,15,16,16,17
159,50000000000000000000000000000000,15,16,16,17
160,00000000000000000000000000000006,12,9,8,10
161,00000000000000000000000000000060,12,9,8,10
162,00000000000000000000000000000600,13,15,10,12
163,00000000000000000000000000006000,13,15,10,12
164,00000000000000000000000000060000,7,9,15,15
165,00000000000000000000000000600000,8,9,15,15
166,00000000000000000000000006000000,9,12,12,9
167,00000000000000000000000060000000,9,12,11,9
168,00000000000000000000000600000000,9,9,13,12
169,00000000000000000000006000000000,9,9,13,12
170,00000000000000000000060000000000,8,12,13,7
171,00000000000000000000600000000000,8,12,12,8
172,00000000000000000006000000000000,15,10,9,9
173,00000000000000000060000000000000,15,10,9,9
174,00000000000000000600000000000000,13,13,9,13
175,00000000000000006000000000000000,13,13,9,13
176,00000000000000060000000000000000,12,15,15,13
177,00000000000000600000000000000000,12,15,15,13
178,00000000000006000000000000000000,15,8,13,7
179,00000000000060000000000000000000,15,9,13,8
180,00000000000600000000000000000000,9,13,9,9
181,00000000006000000000000000000000,10,13,9,9
182,00000000060000000000000000000000,9,8,8,15
183,00000000600000000000000000000000,9,8,8,15
184,00000006000000000000000000000000,9,12,8,9
185,00000060000000000000000000000000,9,12,9,9
186,00000600000000000000000000000000,9,8,9,13
187,00006000000000000000000000000000,9,9,9,12
188,00060000000000000000000000000000,12,12,12,12
189,00600000000000000000000000000000,11,12,12,12
190,06000000000000000000000000000000,13,8,12,9
191,60000000000000000000000000000000,13,8,12,9
192,00000000000000000000000000000007,12,12,8,15
193,00000000000000000000000000000070,12,12,8,15
194,00000000000000000000000000000700,13,15,15,15
195,00000000000000000000000000007000,13,15,15,15
196,00000000000000000000000000070000,7,9,15,15
197,00000000000000000000000000700000,8,9,15,15
198,00000000000000000000000007000000,12,15,14,9
199,00000000000000000000000070000000,12,15,14,9
200,00000000000000000000000700000000,11,11,13,12
201,00000000000000000000007000000000,11,11,13,12
202,00000000000000000000070000000000,15,12,14,7
203,00000000000000000000700000000000,15,12,14,8
204,00000000000000000007000000000000,15,15,12,12
205,00000000000000000070000000000000,15,15,12,12
206,00000000000000000700000000000000,13,15,9,13
207,00000000000000007000000000000000,13,15,9,13
208,00000000000000070000000000000000,15,15,15,13
209,00000000000000700000000000000000,15,15,15,13
210,00000000000007000000000000000000,15,14,13,14
211,00000000000070000000000000000000,15,14,13,14
212,00000000000700000000000000000000,14,13,9,11
213,00000000007000000000000000000000,14,13,9,11
214,00000000070000000000000000000000,9,8,15,15
215,00000000700000000000000000000000,9,8,15,15
216,00000007000000000000000000000000,15,15,14,9
217,00000070000000000000000000000000,15,15,14,9
218,00000700000000000000000000000000,9,8,11,14
219,00007000000000000000000000000000,9,9,11,14
220,00070000000000000000000000000000,14,12,15,15
221,00700000000000000000000000000000,14,12,15,15
222,07000000000000000000000000000000,15,15,12,15
223,70000000000000000000000000000000,15,15,12,15
224,00000000000000000000000000000008,9,9,9,9
225,00000000000000000000000000000080,9,9,9,9
226,00000000000000000000000000000800,10,8,9,9
227,00000000000000000000000000008000,10,8,9,9
228,00000000000000000000000000080000,8,8,8,9
229,00000000000000000000000000800000,8,8,8,9
230,00000000000000000000000008000000,9,9,9,8
231,00000000000000000000000080000000,9,9,8,8
232,00000000000000000000000800000000,9,9,10,9
233,00000000000000000000008000000000,9,9,10,9
234,00000000000000000000080000000000,8,9,8,8
235,00000000000000000000800000000000,8,9,8,8
236,00000000000000000008000000000000,8,9,9,9
237,00000000000000000080000000000000,8,9,9,9
238,00000000000000000800000000000000,10,9,8,10
239,00000000000000008000000000000000,10,9,8,10
240,00000000000000080000000000000000,9,9,9,10
241,00000000000000800000000000000000,9,9,9,10
242,00000000000008000000000000000000,9,9,10,8
243,00000000000080000000000000000000,9,8,10,7
244,00000000000800000000000000000000,9,10,8,9
245,00000000008000000000000000000000,8,10,8,9
246,00000000080000000000000000000000,8,9,8,8
247,00000000800000000000000000000000,8,9,8,8
248,00000008000000000000000000000000,9,9,9,8
249,00000080000000000000000000000000,9,9,8,8
250,00000800000000000000000000000000,8,8,9,8
251,00008000000000000000000000000000,8,7,9,8
252,00080000000000000000000000000000,9,9,9,9
253,00800000000000000000000000000000,8,9,9,9
254,08000000000000000000000000000000,9,8,9,9
255,80000000000000000000000000000000,9,8,9,9
256,00000000000000000000000000000009,11,9,13,9
257,00000000000000000000000000000090,11,9,13,9
258,00000000000000000000000000000900,14,14,9,13
259,00000000000000000000000000009000,14,14,9,13
260,00000000000000000000000000090000,12,14,14,14
261,00000000000000000000000000900000,12,14,14,14
262,00000000000000000000000009000000,9,13,13,14
263,00000000000000000000000090000000,9,13,12,14
264,00000000000000000000000900000000,13,13,14,11
265,00000000000000000000009000000000,13,13,14,11
266,00000000000000000000090000000000,8,13,11,12
267,00000000000000000000900000000000,8,13,12,12
268,00000000000000000009000000000000,14,9,9,9
269,00000000000000000090000000000000,14,9,9,9
270,00000000000000000900000000000000,14,12,14,14
271,00000000000000009000000000000000,14,12,14,14
272,00000000000000090000000000000000,13,14,14,14
273,00000000000000900000000000000000,13,14,14,14
274,00000000000009000000000000000000,14,9,14,8
275,00000000000090000000000000000000,14,8,14,7
276,00000000000900000000000000000000,9,14,14,13
277,00000000009000000000000000000000,8,14,14,13
278,00000000090000000000000000000000,14,13,8,14
279,00000000900000000000000000000000,14,13,8,14
280,00000009000000000000000000000000,9,13,9,14
281,00000090000000000000000000000000,9,13,8,14
282,00000900000000000000000000000000,14,13,13,11
283,00009000000000000000000000000000,14,14,13,12
284,00090000000000000000000000000000,13,11,13,13
285,00900000000000000000000000000000,12,11,13,13
286,09000000000000000000000000000000,12,8,11,9
287,90000000000000000000000000000000,12,8,11,9
288,0000000000000000000000000000000a,12,12,13,13
289,000000000000000000000000000000a0,12,12,13,13
290,00000000000000000000000000000a00,12,14,13,11
291,0000000000000000000000000000a000,12,14,13,11
292,000000000000000000000000000a0000,12,15,14,15
293,00000000000000000000000000a00000,12,15,14,15
294,0000000000000000000000000a000000,12,11,10,15
295,000000000000000000000000a0000000,12,11,10,15
296,00000000000000000000000a00000000,13,13,14,12
297,0000000000000000000000a000000000,13,13,14,12
298,000000000000000000000a0000000000,14,11,12,12
299,00000000000000000000a00000000000,14,11,12,12
300,0000000000000000000a000000000000,14,13,12,12
301,000000000000000000a0000000000000,14,13,12,12
302,00000000000000000a00000000000000,14,13,15,12
303,0000000000000000a000000000000000,14,13,15,12
304,000000000000000a0000000000000000,11,15,15,14
305,00000000000000a00000000000000000,11,15,15,14
306,0000000000000a000000000000000000,15,14,12,13
307,000000000000a0000000000000000000,15,14,12,13
308,00000000000a00000000000000000000,12,14,15,13
309,0000000000a000000000000000000000,12,14,15,13
310,000000000a0000000000000000000000,15,13,14,14
311,00000000a00000000000000000000000,15,13,14,14
312,0000000a000000000000000000000000,15,11,14,15
313,000000a0000000000000000000000000,15,11,14,15
314,00000a00000000000000000000000000,15,14,13,12
315,0000a000000000000000000000000000,15,14,13,12
316,000a0000000000000000000000000000,10,12,11,11
317,00a00000000000000000000000000000,10,12,11,11
318,0a000000000000000000000000000000,13,14,12,15
319,a0000000000000000000000000000000,13,14,12,15
320,0000000000000000000000000000000b,12,12,14,13
321,000000000000000000000000000000b0,12,12,14,13
322,00000000000000000000000000000b00,16,14,13,15
323,0000000000000000000000000000b000,16,14,13,15
324,000000000000000000000000000b0000,13,14,14,15
325,00000000000000000000000000b00000,13,14,14,15
326,0000000000000000000000000b000000,12,15,14,14
327,000000000000000000000000b0000000,12,15,14,14
328,00000000000000000000000b00000000,13,13,16,12
329,0000000000000000000000b000000000,13,13,16,12
330,000000000000000000000b0000000000,14,15,14,13
331,00000000000000000000b00000000000,14,15,14,13
332,0000000000000000000b000000000000,14,13,12,12
333,000000000000000000b0000000000000,14,13,12,12
334,00000000000000000b00000000000000,16,15,14,16
335,0000000000000000b000000000000000,16,15,14,16
336,000000000000000b0000000000000000,15,15,15,16
337,00000000000000b00000000000000000,15,15,15,16
338,0000000000000b000000000000000000,15,14,16,13
339,000000000000b0000000000000000000,15,14,16,13
340,00000000000b00000000000000000000,12,16,14,13
341,0000000000b000000000000000000000,12,16,14,13
342,000000000b0000000000000000000000,14,14,14,14
343,00000000b00000000000000000000000,14,14,14,14
344,0000000b000000000000000000000000,15,15,14,14
345,000000b0000000000000000000000000,15,15,14,14
346,00000b00000000000000000000000000,14,13,13,14
347,0000b000000000000000000000000000,14,14,13,14
348,000b0000000000000000000000000000,14,12,15,15
349,00b00000000000000000000000000000,14,12,15,15
350,0b000000000000000000000000000000,15,14,12,15
351,b0000000000000000000000000000000,15,14,12,15
352,0000000000000000000000000000000c,9,11,13,12
353,000000000000000000000000000000c0,9,11,13,12
354,00000000000000000000000000000c00,14,8,12,13
355,0000000000000000000000000000c000,14,8,12,13
356,000000000000000000000000000c0000,12,14,8,9
357,00000000000000000000000000c00000,12,14,8,9
358,0000000000000000000000000c000000,11,13,13,14
359,000000000000000000000000c0000000,11,13,12,14
360,00000000000000000000000c00000000,13,13,14,9
361,0000000000000000000000c000000000,13,13,14,9
362,000000000000000000000c0000000000,14,13,8,12
363,00000000000000000000c00000000000,14,13,9,12
364,0000000000000000000c000000000000,8,12,11,11
365,000000000000000000c0000000000000,8,12,11,11
366,00000000000000000c00000000000000,14,9,14,14
367,0000000000000000c000000000000000,14,9,14,14
368,000000000000000c0000000000000000,13,9,9,14
369,00000000000000c00000000000000000,13,9,9,14
370,0000000000000c000000000000000000,9,13,14,13
371,000000000000c0000000000000000000,9,13,14,13
372,00000000000c00000000000000000000,11,14,14,13
373,0000000000c000000000000000000000,11,14,14,13
374,000000000c0000000000000000000000,14,13,14,8
375,00000000c00000000000000000000000,14,13,14,8
376,0000000c000000000000000000000000,14,13,13,14
377,000000c0000000000000000000000000,14,13,13,14
378,00000c00000000000000000000000000,14,13,13,8
379,0000c000000000000000000000000000,14,14,13,9
380,000c0000000000000000000000000000,13,9,13,13
381,00c00000000000000000000000000000,12,9,13,13
382,0c000000000000000000000000000000,9,14,9,14
383,c0000000000000000000000000000000,9,14,9,14
384,0000000000000000000000000000000d,11,11,13,12
385,000000000000000000000000000000d0,11,11,13,12
386,00000000000000000000000000000d00,14,14,12,16
387,0000000000000000000000000000d000,14,14,12,16
388,000000000000000000000000000d0000,12,15,14,14
389,00000000000000000000000000d00000,12,15,14,14
390,0000000000000000000000000d000000,11,16,15,15
391,000000000000000000000000d0000000,11,16,15,15
392,00000000000000000000000d00000000,13,13,14,11
393,0000000000000000000000d000000000,13,13,14,11
394,000000000000000000000d0000000000,14,13,11,12
395,00000000000000000000d00000000000,14,13,12,12
396,0000000000000000000d000000000000,14,12,11,11
397,000000000000000000d0000000000000,14,12,11,11
398,00000000000000000d00000000000000,14,12,15,14
399,0000000000000000d000000000000000,14,12,15,14
400,000000000000000d0000000000000000,16,14,14,14
401,00000000000000d00000000000000000,16,14,14,14
402,0000000000000d000000000000000000,14,13,14,13
403,000000000000d0000000000000000000,14,13,14,13
404,00000000000d00000000000000000000,11,14,15,13
405,0000000000d000000000000000000000,11,14,15,13
406,000000000d0000000000000000000000,15,13,14,14
407,00000000d00000000000000000000000,15,13,14,14
408,0000000d000000000000000000000000,14,16,13,15
409,000000d0000000000000000000000000,14,16,13,15
410,00000d00000000000000000000000000,15,14,13,11
411,0000d000000000000000000000000000,15,14,13,12
412,000d0000000000000000000000000000,15,11,16,16
413,00d00000000000000000000000000000,15,11,16,16
414,0d000000000000000000000000000000,12,14,11,14
415,d0000000000000000000000000000000,12,14,11,14
416,0000000000000000000000000000000e,12,12,14,15
417,000000000000000000000000000000e0,12,12,14,15
418,00000000000000000000000000000e00,16,14,15,15
419,0000000000000000000000000000e000,16,14,15,15
420,000000000000000000000000000e0000,13,14,14,15
421,00000000000000000000000000e00000,13,14,14,15
422,0000000000000000000000000e000000,12,15,14,14
423,000000000000000000000000e0000000,12,15,14,14
424,00000000000000000000000e00000000,13,13,16,12
425,0000000000000000000000e000000000,13,13,16,12
426,000000000000000000000e0000000000,14,15,12,13
427,00000000000000000000e00000000000,14,15,13,13
428,0000000000000000000e000000000000,14,15,12,12
429,000000000000000000e0000000000000,14,15,12,12
430,00000000000000000e00000000000000,16,13,14,16
431,0000000000000000e000000000000000,16,13,14,16
432,000000000000000e0000000000000000,15,15,15,16
433,00000000000000e00000000000000000,15,15,15,16
434,0000000000000e000000000000000000,15,14,16,13
435,000000000000e0000000000000000000,15,14,16,13
436,00000000000e00000000000000000000,14,16,14,13
437,0000000000e000000000000000000000,14,16,14,13
438,000000000e0000000000000000000000,14,14,14,14
439,00000000e00000000000000000000000,14,14,14,14
440,0000000e000000000000000000000000,15,15,14,14
441,000000e0000000000000000000000000,15,15,14,14
442,00000e00000000000000000000000000,14,13,13,12
443,0000e000000000000000000000000000,14,14,13,13
444,000e0000000000000000000000000000,14,12,15,15
445,00e00000000000000000000000000000,14,12,15,15
446,0e000000000000000000000000000000,13,14,12,15
447,e0000000000000000000000000000000,13,14,12,15
448,0000000000000000000000000000000f,12,12,14,15
449,000000000000000000000000000000f0,12,12,14,15
450,00000000000000000000000000000f00,16,14,15,16
451,0000000000000000000000000000f000,16,14,15,16
452,000000000000000000000000000f0000,13,15,14,15
453,00000000000000000000000000f00000,13,15,14,15
454,0000000000000000000000000f000000,12,16,15,15
455,000000000000000000000000f0000000,12,16,15,15
456,00000000000000000000000f00000000,15,15,16,12
457,0000000000000000000000f000000000,15,15,16,12
458,000000000000000000000f0000000000,14,15,14,13
459,00000000000000000000f00000000000,14,15,14,13
460,0000000000000000000f000000000000,14,15,12,12
461,000000000000000000f0000000000000,14,15,12,12
462,00000000000000000f00000000000000,16,15,15,16
463,0000000000000000f000000000000000,16,15,15,16
464,000000000000000f0000000000000000,16,15,15,16
465,00000000000000f00000000000000000,16,15,15,16
466,0000000000000f000000000000000000,15,14,16,13
467,000000000000f0000000000000000000,15,14,16,13
468,00000000000f00000000000000000000,14,16,15,15
469,0000000000f000000000000000000000,14,16,15,15
470,000000000f0000000000000000000000,15,14,14,14
471,00000000f00000000000000000000000,15,14,14,14
472,0000000f000000000000000000000000,15,16,14,15
473,000000f0000000000000000000000000,15,16,14,15
474,00000f00000000000000000000000000,15,14,15,14
475,0000f000000000000000000000000000,15,15,15,14
476,000f0000000000000000000000000000,15,12,16,16
477,00f00000000000000000000000000000,15,12,16,16
478,0f000000000000000000000000000000,15,14,12,15
479,f0000000000000000000000000000000,15,14,12,15
