,Input_diff,Round3,Round2,Round1,Round0
0,00000000000000000000000000000001,26,30,28,28
1,00000000000000000000000000000010,27,30,28,28
2,00000000000000000000000000000100,28,28,28,27
3,00000000000000000000000000001000,28,28,28,28
4,00000000000000000000000000010000,29,27,29,28
5,00000000000000000000000000100000,29,28,29,28
6,00000000000000000000000001000000,28,28,29,27
7,00000000000000000000000010000000,28,28,28,28
8,00000000000000000000000100000000,28,28,29,29
9,00000000000000000000001000000000,28,29,29,29
10,00000000000000000000010000000000,31,28,26,28
11,00000000000000000000100000000000,30,28,27,28
12,00000000000000000001000000000000,29,27,29,28
13,00000000000000000010000000000000,29,28,29,28
14,00000000000000000100000000000000,28,28,28,28
15,00000000000000001000000000000000,28,28,28,27
16,00000000000000010000000000000000,28,28,27,28
17,00000000000000100000000000000000,27,29,27,28
18,00000000000001000000000000000000,28,28,28,29
19,00000000000010000000000000000000,29,28,28,29
20,00000000000100000000000000000000,29,28,29,28
21,00000000001000000000000000000000,29,28,29,28
22,00000000010000000000000000000000,28,27,29,28
23,00000000100000000000000000000000,28,27,29,28
24,00000001000000000000000000000000,28,28,28,29
25,00000010000000000000000000000000,27,28,27,29
26,00000100000000000000000000000000,28,29,30,29
27,00001000000000000000000000000000,28,29,30,29
28,00010000000000000000000000000000,28,28,27,27
29,00100000000000000000000000000000,27,28,27,28
30,01000000000000000000000000000000,27,29,28,29
31,10000000000000000000000000000000,27,29,28,28
32,00000000000000000000000000000002,27,30,29,28
33,00000000000000000000000000000020,28,30,29,28
34,00000000000000000000000000000200,27,27,28,27
35,00000000000000000000000000002000,27,28,27,26
36,00000000000000000000000000020000,29,28,26,28
37,00000000000000000000000000200000,29,28,27,28
38,00000000000000000000000002000000,28,27,28,28
39,00000000000000000000000020000000,28,27,28,29
40,00000000000000000000000200000000,30,29,29,29
41,00000000000000000000002000000000,30,29,28,29
42,00000000000000000000020000000000,26,28,27,29
43,00000000000000000000200000000000,27,28,28,30
44,00000000000000000002000000000000,27,27,29,28
45,00000000000000000020000000000000,26,27,29,28
46,00000000000000000200000000000000,29,27,29,27
47,00000000000000002000000000000000,29,27,29,27
48,00000000000000020000000000000000,28,29,27,29
49,00000000000000200000000000000000,27,28,28,29
50,00000000000002000000000000000000,27,28,28,26
51,00000000000020000000000000000000,26,28,28,27
52,00000000000200000000000000000000,27,27,30,28
53,00000000002000000000000000000000,26,27,30,28
54,00000000020000000000000000000000,29,29,26,28
55,00000000200000000000000000000000,29,29,27,28
56,00000002000000000000000000000000,27,28,27,30
57,00000020000000000000000000000000,28,27,28,30
58,00000200000000000000000000000000,28,30,30,29
59,00002000000000000000000000000000,28,30,30,29
60,00020000000000000000000000000000,26,27,28,27
61,00200000000000000000000000000000,27,27,27,27
62,02000000000000000000000000000000,28,28,29,27
63,20000000000000000000000000000000,28,28,29,28
64,00000000000000000000000000000003,27,33,28,36
65,00000000000000000000000000000030,28,33,28,36
66,00000000000000000000000000000300,31,27,36,34
67,00000000000000000000000000003000,31,28,37,33
68,00000000000000000000000000030000,29,27,28,29
69,00000000000000000000000000300000,29,28,28,29
70,00000000000000000000000003000000,35,35,34,27
71,00000000000000000000000030000000,35,35,33,28
72,00000000000000000000000300000000,28,28,33,30
73,00000000000000000000003000000000,28,29,32,30
74,00000000000000000000030000000000,39,36,28,28
75,00000000000000000000300000000000,39,36,29,28
76,00000000000000000003000000000000,28,33,33,33
77,00000000000000000030000000000000,27,34,33,33
78,00000000000000000300000000000000,33,29,28,35
79,00000000000000003000000000000000,33,29,28,35
80,00000000000000030000000000000000,34,29,28,36
81,00000000000000300000000000000000,33,29,28,36
82,00000000000003000000000000000000,28,35,36,36
83,00000000000030000000000000000000,27,34,36,35
84,00000000000300000000000000000000,35,33,29,28
85,00000000003000000000000000000000,35,33,29,28
86,00000000030000000000000000000000,28,27,36,29
87,00000000300000000000000000000000,28,27,35,29
88,00000003000000000000000000000000,38,33,37,29
89,00000030000000000000000000000000,37,32,37,29
90,00000300000000000000000000000000,30,29,30,30
91,00003000000000000000000000000000,30,29,30,30
92,00030000000000000000000000000000,35,27,34,32
93,00300000000000000000000000000000,35,27,34,33
94,03000000000000000000000000000000,29,39,29,36
95,30000000000000000000000000000000,29,39,29,36
96,00000000000000000000000000000004,28,29,28,27
97,00000000000000000000000000000040,27,29,28,27
98,00000000000000000000000000000400,28,29,27,27
99,00000000000000000000000000004000,28,28,27,28
100,00000000000000000000000000040000,29,27,30,29
101,00000000000000000000000000400000,29,28,29,29
102,00000000000000000000000004000000,27,28,29,27
103,00000000000000000000000040000000,27,28,28,28
104,00000000000000000000000400000000,28,28,29,30
105,00000000000000000000004000000000,28,29,29,30
106,00000000000000000000040000000000,29,28,28,28
107,00000000000000000000400000000000,30,28,27,28
108,00000000000000000004000000000000,28,27,28,27
109,00000000000000000040000000000000,29,26,28,27
110,00000000000000000400000000000000,28,29,28,28
111,00000000000000004000000000000000,28,29,28,27
112,00000000000000040000000000000000,28,30,28,28
113,00000000000000400000000000000000,27,29,28,28
114,00000000000004000000000000000000,30,27,28,29
115,00000000000040000000000000000000,29,27,28,29
116,00000000000400000000000000000000,28,28,29,28
117,00000000004000000000000000000000,28,28,29,28
118,00000000040000000000000000000000,28,27,29,29
119,00000000400000000000000000000000,28,27,29,29
120,00000004000000000000000000000000,26,28,26,29
121,00000040000000000000000000000000,27,28,27,29
122,00000400000000000000000000000000,28,29,30,30
123,00004000000000000000000000000000,28,29,30,30
124,00040000000000000000000000000000,28,29,27,27
125,00400000000000000000000000000000,27,29,27,28
126,04000000000000000000000000000000,28,28,29,27
127,40000000000000000000000000000000,28,28,29,28
128,00000000000000000000000000000005,42,40,29,42
129,00000000000000000000000000000050,42,40,29,42
130,00000000000000000000000000000500,28,41,41,27
131,00000000000000000000000000005000,28,41,41,28
132,00000000000000000000000000050000,29,28,40,47
133,00000000000000000000000000500000,29,28,40,47
134,00000000000000000000000005000000,43,28,29,28
135,00000000000000000000000050000000,43,28,29,29
136,00000000000000000000000500000000,30,29,29,42
137,00000000000000000000005000000000,30,29,30,42
138,00000000000000000000050000000000,42,29,41,29
139,00000000000000000000500000000000,42,29,41,30
140,00000000000000000005000000000000,41,40,44,41
141,00000000000000000050000000000000,41,40,44,41
142,00000000000000000500000000000000,30,44,29,28
143,00000000000000005000000000000000,30,44,29,28
144,00000000000000050000000000000000,28,43,46,30
145,00000000000000500000000000000000,29,43,46,30
146,00000000000005000000000000000000,46,43,29,40
147,00000000000050000000000000000000,46,43,29,40
148,00000000000500000000000000000000,40,28,30,28
149,00000000005000000000000000000000,40,28,30,28
150,00000000050000000000000000000000,30,29,40,44
151,00000000500000000000000000000000,30,29,40,44
152,00000005000000000000000000000000,44,28,44,30
153,00000050000000000000000000000000,44,29,44,30
154,00000500000000000000000000000000,28,30,30,39
155,00005000000000000000000000000000,28,30,30,39
156,00050000000000000000000000000000,28,40,28,28
157,00500000000000000000000000000000,27,40,29,28
158,05000000000000000000000000000000,40,44,42,46
159,50000000000000000000000000000000,40,44,42,46
160,00000000000000000000000000000006,34,30,28,29
161,00000000000000000000000000000060,34,30,28,29
162,00000000000000000000000000000600,31,37,29,34
163,00000000000000000000000000006000,31,38,28,33
164,00000000000000000000000000060000,29,27,35,37
165,00000000000000000000000000600000,29,28,35,37
166,00000000000000000000000006000000,28,35,34,27
167,00000000000000000000000060000000,28,35,33,28
168,00000000000000000000000600000000,28,28,33,34
169,00000000000000000000006000000000,28,29,32,34
170,00000000000000000000060000000000,28,36,36,28
171,00000000000000000000600000000000,29,36,35,28
172,00000000000000000006000000000000,35,28,29,28
173,00000000000000000060000000000000,36,29,29,28
174,00000000000000000600000000000000,33,37,28,35
175,00000000000000006000000000000000,33,37,28,35
176,00000000000000060000000000000000,34,36,36,36
177,00000000000000600000000000000000,33,35,37,36
178,00000000000006000000000000000000,38,28,36,28
179,00000000000060000000000000000000,37,28,36,28
180,00000000000600000000000000000000,27,33,29,28
181,00000000006000000000000000000000,28,33,29,28
182,00000000060000000000000000000000,28,27,28,40
183,00000000600000000000000000000000,28,27,28,40
184,00000006000000000000000000000000,27,33,27,29
185,00000060000000000000000000000000,28,32,28,29
186,00000600000000000000000000000000,30,29,30,35
187,00006000000000000000000000000000,30,29,30,35
188,00060000000000000000000000000000,35,33,34,32
189,00600000000000000000000000000000,35,33,34,33
190,06000000000000000000000000000000,37,28,34,28
191,60000000000000000000000000000000,37,28,34,29
192,00000000000000000000000000000007,34,33,31,40
193,00000000000000000000000000000070,34,33,31,40
194,00000000000000000000000000000700,31,37,39,41
195,00000000000000000000000000007000,31,38,38,41
196,00000000000000000000000000070000,31,31,35,37
197,00000000000000000000000000700000,31,31,35,37
198,00000000000000000000000007000000,35,42,39,30
199,00000000000000000000000070000000,35,42,39,31
200,00000000000000000000000700000000,34,33,40,34
201,00000000000000000000007000000000,34,34,40,34
202,00000000000000000000070000000000,39,36,40,29
203,00000000000000000000700000000000,39,36,39,30
204,00000000000000000007000000000000,35,37,33,33
205,00000000000000000070000000000000,36,37,33,33
206,00000000000000000700000000000000,42,39,30,35
207,00000000000000007000000000000000,42,39,30,35
208,00000000000000070000000000000000,41,36,36,41
209,00000000000000700000000000000000,41,35,37,41
210,00000000000007000000000000000000,38,35,36,36
211,00000000000070000000000000000000,37,34,36,35
212,00000000000700000000000000000000,35,40,31,34
213,00000000007000000000000000000000,36,40,31,34
214,00000000070000000000000000000000,29,32,36,40
215,00000000700000000000000000000000,29,32,35,40
216,00000007000000000000000000000000,38,39,37,31
217,00000070000000000000000000000000,37,39,37,31
218,00000700000000000000000000000000,32,31,32,35
219,00007000000000000000000000000000,32,31,32,35
220,00070000000000000000000000000000,41,33,41,40
221,00700000000000000000000000000000,41,33,41,40
222,07000000000000000000000000000000,39,39,34,36
223,70000000000000000000000000000000,39,39,34,36
224,00000000000000000000000000000008,28,30,28,28
225,00000000000000000000000000000080,27,30,28,28
226,00000000000000000000000000000800,28,28,27,28
227,00000000000000000000000000008000,28,27,28,27
228,00000000000000000000000000080000,28,27,27,28
229,00000000000000000000000000800000,28,27,26,28
230,00000000000000000000000008000000,28,28,29,28
231,00000000000000000000000080000000,28,28,29,27
232,00000000000000000000000800000000,29,28,30,29
233,00000000000000000000008000000000,29,28,29,29
234,00000000000000000000080000000000,27,29,28,29
235,00000000000000000000800000000000,26,29,27,28
236,00000000000000000008000000000000,26,27,29,28
237,00000000000000000080000000000000,27,27,29,28
238,00000000000000000800000000000000,30,27,28,28
239,00000000000000008000000000000000,30,27,28,28
240,00000000000000080000000000000000,29,28,28,30
241,00000000000000800000000000000000,28,29,27,30
242,00000000000008000000000000000000,26,28,29,27
243,00000000000080000000000000000000,27,28,29,26
244,00000000000800000000000000000000,26,28,29,27
245,00000000008000000000000000000000,27,28,29,27
246,00000000080000000000000000000000,29,28,27,28
247,00000000800000000000000000000000,29,28,26,28
248,00000008000000000000000000000000,28,29,28,29
249,00000080000000000000000000000000,27,28,27,29
250,00000800000000000000000000000000,27,29,29,29
251,00008000000000000000000000000000,27,29,29,29
252,00080000000000000000000000000000,27,27,29,28
253,00800000000000000000000000000000,28,27,28,28
254,08000000000000000000000000000000,28,28,29,28
255,80000000000000000000000000000000,28,28,29,27
256,00000000000000000000000000000009,33,30,38,29
257,00000000000000000000000000000090,33,30,38,29
258,00000000000000000000000000000900,32,37,27,35
259,00000000000000000000000000009000,32,36,28,34
260,00000000000000000000000000090000,38,36,34,36
261,00000000000000000000000000900000,38,35,34,36
262,00000000000000000000000009000000,29,36,35,37
263,00000000000000000000000090000000,29,36,34,38
264,00000000000000000000000900000000,33,33,34,33
265,00000000000000000000009000000000,33,34,33,33
266,00000000000000000000090000000000,27,37,34,36
267,00000000000000000000900000000000,26,37,35,36
268,00000000000000000009000000000000,35,27,29,28
269,00000000000000000090000000000000,34,27,29,28
270,00000000000000000900000000000000,34,36,38,36
271,00000000000000009000000000000000,34,36,38,36
272,00000000000000090000000000000000,35,34,36,37
273,00000000000000900000000000000000,34,35,35,37
274,00000000000009000000000000000000,36,28,37,27
275,00000000000090000000000000000000,37,29,37,26
276,00000000000900000000000000000000,26,34,36,35
277,00000000009000000000000000000000,27,34,36,34
278,00000000090000000000000000000000,38,39,27,39
279,00000000900000000000000000000000,38,39,26,39
280,00000009000000000000000000000000,29,34,29,36
281,00000090000000000000000000000000,29,33,28,36
282,00000900000000000000000000000000,37,38,35,34
283,00009000000000000000000000000000,37,38,35,34
284,00090000000000000000000000000000,36,32,35,33
285,00900000000000000000000000000000,36,32,35,34
286,09000000000000000000000000000000,36,28,33,28
287,90000000000000000000000000000000,36,28,33,27
288,0000000000000000000000000000000a,34,33,38,36
289,000000000000000000000000000000a0,34,33,38,36
290,00000000000000000000000000000a00,45,37,36,36
291,0000000000000000000000000000a000,45,37,36,35
292,000000000000000000000000000a0000,39,41,35,37
293,00000000000000000000000000a00000,39,40,35,37
294,0000000000000000000000000a000000,35,37,37,41
295,000000000000000000000000a0000000,35,37,37,42
296,00000000000000000000000a00000000,40,36,37,34
297,0000000000000000000000a000000000,40,36,37,34
298,000000000000000000000a0000000000,39,40,35,40
299,00000000000000000000a00000000000,39,40,35,40
300,0000000000000000000a000000000000,35,33,33,33
301,000000000000000000a0000000000000,35,33,33,33
302,00000000000000000a00000000000000,38,37,41,40
303,0000000000000000a000000000000000,38,37,41,40
304,000000000000000a0000000000000000,35,35,36,43
305,00000000000000a00000000000000000,34,35,36,43
306,0000000000000a000000000000000000,37,34,41,35
307,000000000000a0000000000000000000,37,34,41,35
308,00000000000a00000000000000000000,35,41,39,35
309,0000000000a000000000000000000000,35,41,39,35
310,000000000a0000000000000000000000,42,39,35,40
311,00000000a00000000000000000000000,42,39,35,40
312,0000000a000000000000000000000000,37,37,37,39
313,000000a0000000000000000000000000,37,37,37,39
314,00000a00000000000000000000000000,38,40,41,35
315,0000a000000000000000000000000000,38,40,41,35
316,000a0000000000000000000000000000,36,33,34,37
317,00a00000000000000000000000000000,36,33,34,36
318,0a000000000000000000000000000000,37,39,34,36
319,a0000000000000000000000000000000,37,39,34,36
320,0000000000000000000000000000000b,34,33,39,36
321,000000000000000000000000000000b0,34,33,39,36
322,00000000000000000000000000000b00,46,37,37,37
323,0000000000000000000000000000b000,46,37,36,36
324,000000000000000000000000000b0000,38,36,35,37
325,00000000000000000000000000b00000,38,35,35,37
326,0000000000000000000000000b000000,35,41,42,37
327,000000000000000000000000b0000000,35,41,42,38
328,00000000000000000000000b00000000,33,33,36,34
329,0000000000000000000000b000000000,33,34,35,34
330,000000000000000000000b0000000000,39,42,39,36
331,00000000000000000000b00000000000,39,41,39,36
332,0000000000000000000b000000000000,35,34,33,33
333,000000000000000000b0000000000000,35,33,33,33
334,00000000000000000b00000000000000,40,39,38,46
335,0000000000000000b000000000000000,40,39,38,46
336,000000000000000b0000000000000000,40,36,36,45
337,00000000000000b00000000000000000,39,35,36,45
338,0000000000000b000000000000000000,38,34,47,35
339,000000000000b0000000000000000000,37,35,47,36
340,00000000000b00000000000000000000,35,42,36,35
341,0000000000b000000000000000000000,35,42,36,34
342,000000000b0000000000000000000000,38,40,35,40
343,00000000b00000000000000000000000,38,40,36,40
344,0000000b000000000000000000000000,37,44,37,36
345,000000b0000000000000000000000000,38,44,37,36
346,00000b00000000000000000000000000,37,38,35,35
347,0000b000000000000000000000000000,37,38,35,35
348,000b0000000000000000000000000000,42,33,42,42
349,00b00000000000000000000000000000,42,33,42,42
350,0b000000000000000000000000000000,39,39,34,36
351,b0000000000000000000000000000000,39,39,34,36
352,0000000000000000000000000000000c,29,32,38,35
353,000000000000000000000000000000c0,28,32,38,35
354,00000000000000000000000000000c00,32,28,36,35
355,0000000000000000000000000000c000,32,27,35,34
356,000000000000000000000000000c0000,38,36,27,28
357,00000000000000000000000000c00000,38,35,26,28
358,0000000000000000000000000c000000,34,36,35,37
359,000000000000000000000000c0000000,34,36,34,38
360,00000000000000000000000c00000000,33,33,34,29
361,0000000000000000000000c000000000,33,34,33,29
362,000000000000000000000c0000000000,38,37,28,36
363,00000000000000000000c00000000000,38,37,29,36
364,0000000000000000000c000000000000,26,33,32,32
365,000000000000000000c0000000000000,27,32,32,32
366,00000000000000000c00000000000000,34,27,38,36
367,0000000000000000c000000000000000,34,27,38,36
368,000000000000000c0000000000000000,35,28,28,37
369,00000000000000c00000000000000000,34,29,27,37
370,0000000000000c000000000000000000,26,33,37,34
371,000000000000c0000000000000000000,27,34,37,35
372,00000000000c00000000000000000000,34,34,36,35
373,0000000000c000000000000000000000,34,34,36,34
374,000000000c0000000000000000000000,38,39,34,28
375,00000000c00000000000000000000000,38,39,35,28
376,0000000c000000000000000000000000,36,34,36,36
377,000000c0000000000000000000000000,37,33,36,36
378,00000c00000000000000000000000000,37,38,35,29
379,0000c000000000000000000000000000,37,38,35,29
380,000c0000000000000000000000000000,36,27,35,33
381,00c00000000000000000000000000000,36,27,35,34
382,0c000000000000000000000000000000,30,38,29,35
383,c0000000000000000000000000000000,30,38,29,35
384,0000000000000000000000000000000d,33,32,38,35
385,000000000000000000000000000000d0,33,32,38,35
386,00000000000000000000000000000d00,32,37,36,42
387,0000000000000000000000000000d000,32,36,35,42
388,000000000000000000000000000d0000,39,42,34,36
389,00000000000000000000000000d00000,39,42,34,36
390,0000000000000000000000000d000000,34,43,39,42
391,000000000000000000000000d0000000,34,43,40,42
392,00000000000000000000000d00000000,40,36,41,33
393,0000000000000000000000d000000000,40,36,41,33
394,000000000000000000000d0000000000,38,37,34,40
395,00000000000000000000d00000000000,38,37,35,40
396,0000000000000000000d000000000000,35,33,32,32
397,000000000000000000d0000000000000,34,32,32,32
398,00000000000000000d00000000000000,43,36,41,36
399,0000000000000000d000000000000000,43,36,41,36
400,000000000000000d0000000000000000,42,34,36,42
401,00000000000000d00000000000000000,42,35,35,42
402,0000000000000d000000000000000000,36,33,37,34
403,000000000000d0000000000000000000,37,34,37,35
404,00000000000d00000000000000000000,34,41,40,35
405,0000000000d000000000000000000000,34,41,40,35
406,000000000d0000000000000000000000,42,39,34,39
407,00000000d00000000000000000000000,42,39,35,39
408,0000000d000000000000000000000000,36,40,36,40
409,000000d0000000000000000000000000,37,40,36,40
410,00000d00000000000000000000000000,38,40,41,34
411,0000d000000000000000000000000000,38,40,41,34
412,000d0000000000000000000000000000,42,32,42,41
413,00d00000000000000000000000000000,42,32,42,41
414,0d000000000000000000000000000000,36,38,33,35
415,d0000000000000000000000000000000,36,38,33,35
416,0000000000000000000000000000000e,34,33,39,40
417,000000000000000000000000000000e0,34,33,39,40
418,00000000000000000000000000000e00,46,38,38,37
419,0000000000000000000000000000e000,46,37,38,36
420,000000000000000000000000000e0000,38,36,35,37
421,00000000000000000000000000e00000,38,35,35,37
422,0000000000000000000000000e000000,35,41,42,37
423,000000000000000000000000e0000000,35,41,42,38
424,00000000000000000000000e00000000,33,33,36,34
425,0000000000000000000000e000000000,33,34,35,34
426,000000000000000000000e0000000000,39,42,35,36
427,00000000000000000000e00000000000,39,41,36,36
428,0000000000000000000e000000000000,36,37,33,33
429,000000000000000000e0000000000000,35,37,33,33
430,00000000000000000e00000000000000,40,37,38,46
431,0000000000000000e000000000000000,40,37,38,46
432,000000000000000e0000000000000000,40,35,37,45
433,00000000000000e00000000000000000,39,36,36,45
434,0000000000000e000000000000000000,37,34,47,35
435,000000000000e0000000000000000000,38,34,47,35
436,00000000000e00000000000000000000,35,42,36,35
437,0000000000e000000000000000000000,35,42,36,34
438,000000000e0000000000000000000000,38,40,35,40
439,00000000e00000000000000000000000,38,40,35,40
440,0000000e000000000000000000000000,37,44,37,36
441,000000e0000000000000000000000000,37,44,37,36
442,00000e00000000000000000000000000,37,38,35,35
443,0000e000000000000000000000000000,37,38,35,35
444,000e0000000000000000000000000000,42,33,42,42
445,00e00000000000000000000000000000,42,33,42,42
446,0e000000000000000000000000000000,37,39,34,36
447,e0000000000000000000000000000000,37,39,34,36
448,0000000000000000000000000000000f,34,33,43,40
449,000000000000000000000000000000f0,34,33,43,40
450,00000000000000000000000000000f00,46,38,38,45
451,0000000000000000000000000000f000,46,37,39,45
452,000000000000000000000000000f0000,43,41,35,37
453,00000000000000000000000000f00000,43,40,35,37
454,0000000000000000000000000f000000,35,48,46,41
455,000000000000000000000000f0000000,35,48,46,42
456,00000000000000000000000f00000000,41,40,41,34
457,0000000000000000000000f000000000,41,40,41,34
458,000000000000000000000f0000000000,39,44,39,40
459,00000000000000000000f00000000000,39,44,40,40
460,0000000000000000000f000000000000,36,37,33,33
461,000000000000000000f0000000000000,35,37,33,33
462,00000000000000000f00000000000000,45,39,43,45
463,0000000000000000f000000000000000,45,39,43,45
464,000000000000000f0000000000000000,43,36,37,46
465,00000000000000f00000000000000000,44,37,36,46
466,0000000000000f000000000000000000,39,34,46,35
467,000000000000f0000000000000000000,38,35,46,36
468,00000000000f00000000000000000000,36,46,39,40
469,0000000000f000000000000000000000,35,46,39,40
470,000000000f0000000000000000000000,42,43,35,40
471,00000000f00000000000000000000000,42,43,36,40
472,0000000f000000000000000000000000,37,45,39,39
473,000000f0000000000000000000000000,38,45,39,39
474,00000f00000000000000000000000000,40,40,41,35
475,0000f000000000000000000000000000,40,40,41,35
476,000f0000000000000000000000000000,46,33,46,47
477,00f00000000000000000000000000000,46,33,46,46
478,0f000000000000000000000000000000,39,39,34,36
479,f0000000000000000000000000000000,39,39,34,36
